241.6614962
250.2352244
224.8937244
246.4316964
241.5136910
249.0671853
238.9778564
223.6825616
243.7148039
219.9941608
224.9656960
222.1514405
243.2193259
243.8024844
232.1050553
167.3420034
224.2586467
233.4958637
224.6243755
216.9488850
237.7563517
234.0598046
180.8373451
223.2839699
244.1510885
261.3588306
95.3451166
235.0189970
92.2584629
237.6639393
102.1960479
88.5833419
139.2993432
135.8940083
128.9169437
122.3452137
75.8468063
118.0385747
73.1047494
59.3758596
85.4352198
146.3780184
244.7464723
262.6002493
265.1524871
266.2306407
265.9564220
266.8002893
268.8430440
271.6042910
268.1593521
269.8879087
267.7018968
270.4766553
269.0526163
268.8647620
267.3167600
270.7662116
266.0519098
272.4192298
270.6729353
267.3449251
270.3050379
261.9354366
266.2887593
264.5509777
250.2392242
249.6678053
231.0278076
193.0312626
44.7178140
13.9410620
22.1684329
22.1722524
66.3589002
51.9970305
36.2476315
24.0969010
37.4814498
38.7061593
24.2570779
20.6456795
470.2164649
18.3109947
14.2616961
21.0982477
68.2601774
71.8338759
208.7672295
248.5787325
206.8996955
217.8051584
5.7106288
25.0281175
48.5323152
62.6831281
87.0902506
101.1340174
108.0352861
103.9187037
122.5958464
117.1784142
130.2925865
141.3266219
139.2579091
154.7950632
133.0351618
225.9976537
154.5017000
323.3010399
302.2605866
347.8106887
322.9183757
312.2254857
291.7863641
336.7851330
331.8162986
327.0002339
351.3950138
349.3956615
399.2401071
350.0356820
345.9625155
305.0657005
169.2746324
22.1200522
18.8806363
21.1876106
20.2915201
34.6333622
10.4084165
39.6604892
43.8734273
153.1771351
32.7089610
41.8936082
34.4155323
36.4324017
26.8481927
56.5898482
50.3855623
211.9318493
28.9810082
213.7351121
226.6338962
98.1238029
30.5001071
3.0841354
38.6657387
27.4999305
29.0217059
42.9350068
54.4884133
10.3841176
174.6104414
49.1608736
33.8642831
43.8163212
73.6562475
48.9724523
75.0363452
53.9145918
62.7426059
20.7398750
214.4224027
181.9816561
370.0986069
360.2899847
393.2324753
423.5437520
399.1224746
452.8158919
363.0764905
386.1976304
321.6962397
377.9502802
262.5517027
271.1631269
299.9335982
266.2949716
125.8893485
105.2058930
143.4069535
163.7026553
108.7156905
102.0924082
100.1093173
96.3867617
97.1753245
76.6379430
85.0994374
58.2048248
46.5275238
33.1450490
24.8669316
19.2448811
19.5467865
15.8402587
23.1617250
15.0178009
36.6442795
21.8496100
26.3658801
22.1898409
21.0494850
29.0434420
23.7426459
21.7863645
22.6668710
19.2591676
13.4084790
21.2727300
6.7251707
5.4481488
6.1001918
3.9308435
9.5104335
11.3049859
11.3680323
17.2354460
6.4473949
9.3131517
10.2461181
7.3258749
9.8974313
8.0288995
9.9644736
17.1085491
10.4255906
11.7809295
7.5727987
15.5018504
6.0892191
15.1153587
19.7016686
15.1974825
11.1868057
13.2986430
18.8782840
9.8803433
6.4402711
6.0693404
10.3764054
5.1006455
11.9291335
5.7282896
24.5699989
14.8112572
25.8420931
23.5148053
25.7989820
35.9432650
34.3859734
45.3123990
43.8978492
59.7434875
75.0825088
86.1318234
270.5807737
119.6755230
230.8132661
436.4369331
402.7866247
447.0690880
450.8281854
463.2879276
451.2295307
449.5304071
439.8085119
439.6795103
429.1536374
408.9014439
458.5563501
428.0197217
436.2761048
377.8149047
404.0624818
314.4871245
330.3702591
166.8655273
248.2666518
301.6829774
341.5088313
321.3968578
330.3521630
259.5567124
327.4833195
267.6681978
210.4222341
187.1043376
227.5641781
271.7417145
41.1573032
29.9097544
12.3173996
28.9649107
15.2196512
48.7110947
36.9573535
45.7478309
53.5345970
48.5596513
51.2666528
49.9996304
42.0269367
40.5797818
53.8705487
48.6926756
62.4925810
39.4167286
94.8628436
71.2777943
76.5002564
86.6853276
86.2045572
84.1865448
99.6944067
98.4689905
98.4314441
102.9479805
109.9004265
91.7169731
94.4144301
95.3039129
99.5367715
84.6570281
90.0455215
81.7551408
87.0516678
84.9811716
82.7286701
83.5363602
39.8869376
28.7483640
23.3946199
111.4875614
112.7748835
60.8645515
51.9619997
94.3506235
142.7260656
151.7824769
163.6763974
157.5189651
130.4147713
111.9653051
110.6550085
158.5490103
106.8432423
75.9287831
53.0308224
63.9731732
78.1224521
66.9901021
54.5843665
24.9673415
109.1017997
193.5432139
90.9421750
265.7954163
183.8877424
281.6038966
218.8395576
311.1703433
261.7552205
191.6818767
185.3949174
189.6361146
160.5454806
123.8052986
126.7281713
87.0241928
125.1472645
139.8363950
140.3800657
166.7454356
153.0462095
193.3414840
161.2728835
161.5433684
103.5141737
153.5928295
100.5483060
134.1981992
88.8638105
61.6154047
110.6620666
21.3466552
248.0952561
256.9129919
321.1258656
339.8390283
314.6802381
329.4365289
299.7176276
287.7347607
204.8592289
216.9080121
169.8130917
199.3867679
165.2693625
190.8043724
123.7386746
182.4302853
161.7755020
222.0718271
218.2264990
224.8752233
200.1196274
206.8393675
186.8008312
195.9987780
173.6252260
204.2929736
77.3137552
201.4132734
107.7204901
96.6339298
83.9854939
105.9618141
109.1352244
101.2383795
69.1963600
74.9414910
80.0486505
65.7943970
58.4812166
52.9268225
45.3344170
38.5263467
39.5993738
28.5775794
58.3682815
47.7413499
114.7110983
96.3228527
99.6527423
90.4927068
113.4631605
99.5336754
103.2153996
66.9760106
87.4581471
59.5048027
46.9102630
31.4451384
8.1514768
5.5431378
18.7279435
25.0657673
22.6694551
14.7814594
40.3096159
55.7671742
68.6324782
92.0298955
88.7590509
75.0210240
53.7114704
49.4815498
42.7713347
3.4115198
6.3682540
16.1233203
8.7361305
32.6704345
21.6872882
30.4810270
22.8327309
24.1988933
19.8121818
18.5449672
11.8712853
6.8105743
4.3105838
16.5386505
6.4612608
16.5147077
5.5684157
3.8535704
5.4775881
4.1894885
1.7968766
4.5481331
3.0787900
7.7509691
12.0610107
18.0761768
20.6595188
8.9233512
14.0810267
8.2848488
30.8269354
31.4717483
23.6968763
26.9094564
41.4570813
37.0996596
53.6683706
42.7856520
56.4705027
64.2550750
47.1544084
55.5245100
60.7710799
53.6081898
43.9384562
51.2667426
44.7194768
44.0708254
38.4416138
46.3670964
40.7335071
44.7147847
44.2725145
22.1044902
20.6873033
6.0232341
2.7581491
10.4694382
11.0516879
61.0403696
13.8858908
26.8666153
36.1874089
65.5983866
157.3925665
149.6194629
215.2454132
271.8267065
245.7040435
274.8741903
251.2004366
274.3710546
241.3881214
231.1528924
234.0392547
243.7230579
264.8836709
221.4294238
225.8536075
260.6769832
258.4155438
265.8014131
247.1016275
230.6487198
261.2146674
205.6021173
241.0262547
191.8142309
259.2336210
86.2218852
223.6665014
218.9871841
194.0161241
241.5911833
229.9628953
103.5818845
81.5524047
40.0948103
18.8806772
2.0771968
13.6046265
14.3256466
18.4944767
23.6141515
26.8650881
25.3496067
29.9378293
35.8834204
58.4343873
60.2680434
46.8112102
44.8019751
35.5791845
27.0927742
25.4319523
22.6533553
20.7262691
15.9400660
53.9249741
57.5452580
105.8350716
95.8949667
125.7488139
139.4507218
159.7895289
158.2142411
89.2505418
155.5796415
142.1699733
184.1196065
133.6355425
192.2307175
159.0475419
124.0587630
139.8282573
41.2318719
51.9914992
14.1202173
35.4352252
6.3124579
13.8530370
12.6666626
20.9508804
64.2852118
40.6394767
74.6124290
92.6609232
56.9526324
67.2795270
29.4704122
43.2965949
7.0490810
19.1921895
20.3932790
16.0642173
23.2438288
16.6642021
35.1816569
24.6436960
38.4747584
33.6010548
40.7805783
31.1820385
33.4594336
23.7038691
28.1329959
23.6782160
21.8776942
19.0309924
14.0939574
17.0104902
10.0064447
8.9589414
19.5829698
43.3924327
18.6754758
7.1513961
7.9242803
19.8734463
23.9273684
20.6311202
45.2731781
27.5068407
30.5095517
29.6515976
37.3147708
41.8936276
45.0854658
49.7585717
52.5033357
47.4790969
40.2335097
59.5411024
90.3871451
78.7371454
105.0559430
130.9514482
200.0314243
190.3378954
200.0006889
242.4507535
188.6287378
231.4673963
173.8499266
185.9549751
89.0418542
62.5825302
38.3293736
20.8209974
11.9603066
9.7895737
10.1326524
3.2226149
11.6436082
1.5707844
1.3088837
2.0539496
8.1438040
3.9065710
6.5740765
7.6631149
14.1526340
7.2278714
16.3931948
7.5411729
9.5663516
5.1400678
16.2059487
6.1048879
0.7193847
3.0598734
9.0949626
14.6571731
3.3369172
4.8277147
1.8744403
1.9085489
5.5468786
6.1369148
1.3495508
0.8935054
9.0926061
2.0796103
18.4012736
5.7197598
2.6349839
6.8639534
2.2253028
7.7860553
1.4218953
13.2528582
0.5232134
3.4216072
4.9129631
6.1143589
1.3722422
2.5976401
2.2152470
2.5116890
2.9078760
0.9263552
4.4064522
8.1701276
18.3024442
21.6726837
17.9203005
25.3290043
20.2084754
13.2875831
13.5029353
5.0640556
12.4231309
11.6137584
17.8288743
14.4255744
14.2890222
8.4364856
3.7746948
2.7217047
3.3038563
5.3788206
1.6508121
5.9217545
2.4098976
1.1117957
7.1370826
9.1052530
3.8846829
6.2801620
5.4563343
8.1005045
51.1718718
7.5989092
34.6672772
8.5282824
60.9358997
59.7817371
104.2475747
97.8022658
156.3884036
83.9770558
131.1148553
80.2617746
143.3794767
116.8687304
120.3811699
93.2023911
135.3279853
89.0429400
145.5725632
92.9301796
142.1355533
113.7144822
98.5949019
130.8599422
97.3550467
72.5273721
61.4574507
75.2882604
89.4406982
75.7612735
70.6628360
69.2598207
74.1128131
69.8587907
68.8681133
54.6772331
69.2672881
76.0547612
65.3921930
75.1818192
65.8674811
70.8209195
76.1432350
78.5436336
67.4046493
78.7185111
67.8915849
91.3707367
70.6882698
81.2272817
57.4104099
83.0947296
78.6575362
92.0209661
93.8325420
87.8729506
100.9451247
78.6479953
80.8712837
57.7790418
59.6749263
35.6908930
36.6464169
18.2941459
13.7364218
15.4452598
11.1721325
19.6177493
3.8895623
11.8536398
14.8883572
24.3292181
10.9028685
24.8084659
63.7688370
26.9007317
89.4041760
66.4210393
206.4603292
191.8445595
127.3848772
280.8902691
50.3086189
268.9566071
158.9822192
277.8129746
260.7523221
265.5204201
289.5897429
264.7738313
259.9927173
262.6782292
238.0888852
235.7251867
205.7085147
182.8415146
170.8534180
183.7897237
174.6393160
183.2788785
170.2113137
182.9786219
183.8390955
186.9028150
176.3978563
178.4952643
173.8311283
173.1308838
151.1195567
188.4228336
149.6574137
161.0020842
137.4857314
223.6111430
159.0116711
148.2854575
149.3817541
247.3617754
251.3567166
188.8289745
149.1205048
170.1096446
146.3578203
167.1742364
144.7397288
178.1906364
157.0261402
174.8485137
166.9301462
156.6126454
148.5971440
142.6635877
125.5700535
109.5887890
123.8942923
163.9266430
105.6651905
90.9020023
119.7214245
98.4509217
102.5409632
90.4582823
95.4052908
81.0269252
73.5723878
70.4259784
70.1511035
52.2700768
47.1365487
33.5156330
28.4021196
16.0570778
11.7882230
10.2117700
5.9825742
6.0978855
1.7094554
2.2216048
5.3263066
5.8269147
3.5256178
14.8179646
15.7900299
12.1803006
8.8120741
41.3323458
69.4651142
69.9065715
68.1452761
63.2865731
89.7302259
20.7803090
109.3694691
40.9670497
97.4177436
72.1457725
188.9357866
132.9117334
163.9068827
108.8776540
174.1906492
131.6446784
195.0889550
191.9557744
196.6088793
206.0359660
195.7161340
198.4695209
191.7002625
188.4857148
183.9771253
111.9728078
151.4036381
58.2482001
72.7247009
52.4040675
38.6573393
28.0889178
30.4332671
26.7201268
28.5102787
27.7050697
29.2271456
21.4757789
18.2797989
17.9060849
10.2409644
12.5382322
10.6557057
10.9587169
7.9731906
8.9511606
7.2355188
5.0629691
8.9226407
6.5576544
2.0451266
3.6343833
4.3466398
0.4621700
4.3446354
3.2337395
2.0617126
3.1438160
0.8886825
11.3607136
2.3848292
8.2578574
7.2632394
1.3914461
4.8779995
7.3742721
7.9883685
7.3358123
8.8603016
10.0103164
7.4993093
8.6524098
6.1502798
9.4020928
8.8176333
6.5413970
9.0217256
9.2201733
8.7554708
7.9349038
10.2989585
9.4511409
11.1423156
9.5972206
9.5330641
8.1378027
6.8299562
3.9233653
7.6456775
6.1398254
9.7977436
8.0536469
6.3390577
7.2027647
7.0555100
5.5815531
3.5480041
3.0641288
3.4611304
3.4495518
2.4572719
0.2872413
0.3513208
3.3600162
2.9378501
2.1978692
0.9633677
2.6225381
1.7153727
18.5956705
18.8614348
19.2251775
15.7305117
22.6709497
34.6946696
16.5132233
18.6390050
14.5012963
12.9939264
17.6736951
11.8625322
15.9041919
16.6975203
19.0647664
23.7389522
23.6284159
44.2059650
32.5303792
45.3821470
27.9769602
34.8043090
33.0798537
26.0026090
45.0801545
30.1786710
70.9236034
56.5278939
33.7229655
68.4499208
47.4367683
42.2480182
40.6489458
40.7392812
45.0174117
49.4463021
51.5800735
49.9610725
53.1894610
47.7039832
45.4572697
30.5443028
33.0836924
23.5711106
22.9580501
19.4420793
15.4824311
1.7854044
8.1060678
12.9990333
6.2050057
10.7727160
1.3417666
4.8723844
2.7316854
2.4070831
4.7775355
8.7084810
10.6371795
20.5306247
24.8699855
29.4907795
31.1905087
32.7530145
27.0251356
12.6237699
7.6526720
11.6538764
19.2637027
22.0410927
22.4117690
22.0057849
27.9754455
49.2661544
40.5960887
47.3337463
39.9132802
50.3526009
44.8710183
62.2422471
42.9134090
52.2124406
46.2599276
54.2823449
12.9630575
49.8231377
23.4811315
38.0285027
22.1346912
34.2263338
7.5202003
1.9755532
2.7065513
4.7707416
8.7445046
1.9856903
18.3998332
3.4911695
16.5982903
2.9907956
3.2991473
7.9063278
2.9638825
6.9718414
5.9781354
2.2367244
2.3282846
1.0957906
7.6109303
25.0337637
11.8614053
10.4340042
9.7388928
11.3452035
18.3239521
20.9250931
16.5003599
26.9432874
35.9614510
31.3822345
27.3793161
22.1312168
25.5519683
22.9702520
19.5213836
21.9749177
20.3447122
26.8037826
23.5062711
18.6960305
24.3035286
19.7611583
21.7910451
15.3923981
22.2940044
18.1694015
18.2260187
12.9189396
10.8742893
11.5168529
6.3562237
6.8664793
4.3760501
8.4700429
10.0129625
9.2096181
13.3336894
10.2241745
8.4197598
6.2124744
8.6033504
11.5770272
13.8104226
11.2916094
7.9707373
13.3799711
15.2905817
1.7487496
10.1629588
4.7576026
9.7177768
9.4123587
7.0187442
10.1182038
10.7661570
11.0841417
17.0646886
11.3666487
19.8610579
10.2342272
7.6287925
3.5197839
1.8467867
4.8547221
5.7036885
11.4442602
8.6271072
8.4883149
12.0173371
11.1412456
18.1681737
7.0457887
38.2272826
17.0481265
28.0594457
20.3237506
27.1153015
7.8961231
4.8140300
2.9633437
2.3795748
7.4720378
5.9838532
9.1073944
16.4334013
10.3313882
7.9809535
5.0284665
6.4910211
7.7072227
0.9130947
6.6595252
12.7122922
8.8579331
8.6083735
14.4730332
15.9471209
5.9014922
0.7275097
8.5421750
10.8599942
17.9705648
19.1613613
10.2229756
3.5092241
7.7595182
5.7135539
1.7569583
9.6884340
5.3415166
6.0043303
7.8097556
4.2857791
2.2407807
1.0409696
4.8113397
4.9888457
2.9325557
3.8189786
2.2127417
1.1763815
9.9254813
4.4363584
6.7507877
5.3895908
4.9491575
2.2297033
4.8085512
20.5198674
29.9816323
30.6230801
43.3582755
49.3742701
31.7723861
29.3203391
26.2194688
31.8859212
26.1051531
27.6066651
29.2682216
30.8469773
37.5829834
30.4225324
42.2823364
40.8764226
31.6649135
41.2371379
33.3312189
40.0340752
28.9216790
23.9495390
23.6638372
20.9814234
34.8932214
20.3313865
20.1507390
22.8970437
33.7347902
23.6296156
28.0787131
30.7821275
66.8419378
29.9514870
51.3262442
31.5768017
56.0130992
29.5288756
23.4652772
27.5984232
24.1743502
20.0812626
22.3939996
18.5401822
24.0041040
38.7775912
37.2104866
121.2193663
53.2495741
99.0388947
40.6795012
71.3771107
39.7378050
81.1701070
22.3181684
56.6263071
42.1738988
95.2649412
48.7379093
64.8462961
51.9652797
57.3669897
69.1357134
91.2116663
106.1548717
112.6822602
118.1232974
97.0201486
91.9834981
46.9652756
56.0363309
25.7271973
40.9016172
23.7688561
40.4020107
47.5432002
59.4603192
61.6981218
74.2227704
73.4035013
76.1802793
80.0171681
87.5677591
77.8833031
65.1335039
73.7175382
58.5510362
72.0914682
29.9243166
45.2086307
37.0374761
37.7034420
29.2334917
18.4146590
38.7447366
24.7698898
17.3168840
20.1715727
26.1949084
33.4716562
21.8282383
18.3842186
27.8958718
13.1040302
8.8950758
14.3334867
4.6561579
9.7692499
0.3503570
9.4080997
3.2163158
3.0125419
0.2231923
10.2831282
1.3084412
15.6217057
12.3686038
12.7292625
3.8275307
1.9484536
3.0132344
6.3085842
1.5016615
1.5746672
3.2524507
4.3042352
2.3650204
2.4572927
2.1821354
19.3486146
25.6104232
25.0631368
19.2756985
9.6965993
11.5997314
9.2478930
1.2194241
13.0864889
9.6813343
9.1415517
13.4159733
28.4440859
22.2930842
26.5521340
31.7902265
57.0265790
45.9169736
65.3554563
40.6374516
48.1609005
37.5553174
36.5837415
26.1790251
22.7618584
31.2919586
5.6958659
5.9188087
32.6912335
26.1243467
51.9652082
37.3373379
38.9562070
40.1522697
35.7952943
35.4627989
17.5734112
78.9068553
51.1685242
91.6676941
75.8033988
86.2693254
40.2086070
35.9146886
30.6006630
9.9604422
3.0118965
10.8923391
14.7483783
28.7947700
50.7867388
104.3212402
161.6703080
102.4765958
50.6960022
110.9302763
163.6411424
197.8464548
251.0732798
280.3653887
237.7171235
248.4214583
223.8893858
156.2398016
215.5128065
185.9615183
174.6245776
124.3713235
187.4179032
272.2143664
280.0279144
194.2554089
299.8652418
214.1791622
221.0167233
128.7349948
151.9351354
70.3861022
123.0370030
56.2878201
112.0382504
89.9924037
139.2234637
119.3684534
169.3612462
142.9559281
180.6074589
236.5367527
215.6629084
238.0856232
192.4033958
200.3544683
209.5130249
152.6188564
219.4692939
116.4258231
239.0969246
205.5648746
186.1540348
166.1735051
213.8294679
220.2268950
188.8291972
190.7329119
173.6128309
212.2635161
153.7172430
203.4755086
184.3984209
233.7263638
189.8268739
165.2475468
150.7308446
201.8657826
171.7753577
144.8137672
188.2243633
166.3149991
237.2331688
247.0380231
277.4724181
287.5125166
280.5703056
222.6766958
105.5307555
101.5280974
63.0498732
29.2318471
4.0462903
2.7066368
33.4174208
33.1501865
27.4072887
42.8421900
48.9459081
120.7322351
33.2031061
83.4595038
36.2584724
111.5610397
50.2045691
17.4124982
72.3854774
41.2292550
67.0440382
51.1938807
38.5502388
82.1811382
67.6623346
112.9704243
120.5604567
89.1855669
132.5467030
32.5884277
49.1785056
5.1170368
7.7082465
6.1332747
10.3971513
14.7639939
17.6669170
19.8969718
25.7011347
39.2505981
31.3154517
38.3072543
30.8801583
26.0984782
32.5190626
33.0156419
35.4757280
26.9498344
41.0828230
41.8645728
32.7461610
21.6856897
14.2739239
15.3069446
16.0444385
12.5831202
8.4419335
19.0715044
18.9951650
20.5332324
18.9112865
19.1920512
13.9202847
15.5382914
6.6743656
10.5400398
6.7597471
4.5129080
5.9654135
4.4276463
3.7073668
7.2916056
7.3835831
1.3681832
17.3567724
4.1035138
15.7011273
12.2802949
11.7288954
14.8203486
8.4604215
3.6834348
6.6227115
13.7615286
5.9970184
10.7713569
6.2724067
3.2567737
6.2740447
2.6418172
2.0162374
1.3780436
4.5768846
5.2526117
7.4382722
7.5702526
8.9351355
10.6616304
15.8167688
10.1779426
13.2337406
13.5479038
18.3594941
16.8701343
31.6616684
19.1410304
27.9337743
39.6786032
32.1583271
32.8902853
34.1890034
57.0911249
30.7143612
21.7398907
9.9253031
21.8656862
12.3181967
7.1147858
11.2537019
18.7290426
19.5899158
33.7553476
15.9661212
14.8405158
8.9036629
4.5176997
5.0728541
2.2235818
3.6348540
20.9094884
45.7928835
48.3302412
34.3272696
26.7733497
31.1422516
38.5669263
6.8873385
3.9064585
3.1323372
13.2887129
14.5166422
12.1015416
28.1555124
37.4410547
40.3777813
42.1585665
22.1803883
50.0769338
38.4592659
18.1376363
7.8098760
2.3864012
53.1186053
195.1781620
266.1456490
251.9930301
262.1344841
234.3252230
248.6104591
236.6584358
262.9775543
272.7932845
273.1345494
273.5213685
239.8933401
283.2175326
269.7132078
57.1629911
235.6660274
28.9296502
119.4714255
16.1712373
28.0941659
37.9273374
8.4291162
24.7556573
25.9299273
30.8171088
17.4211068
12.9782734
11.8970750
9.7278051
6.0493987
1.6532078
9.0268444
2.0264090
4.3020648
1.7837156
5.2051757
3.0953267
5.0033026
2.3334733
6.5521900
1.6991516
4.6393772
5.3173230
8.6281906
11.8441642
7.4043466
9.8628830
8.0139497
5.6564360
9.5238344
12.4919774
8.9710749
8.7802894
3.7667378
11.8884854
1.4213948
12.3825297
0.8485499
12.0206769
6.7647891
5.9229543
8.2279555
7.9439994
18.8812751
12.8348745
11.3678175
16.9681118
16.4495267
29.6503762
24.6613943
71.7162534
36.2857846
54.9545429
27.1235732
94.9936517
73.0221745
65.8254056
52.1049183
57.6458435
135.4774643
76.2066895
73.4410751
79.6357477
99.1617093
116.0189061
16.3435794
25.1633413
39.0306295
43.0782036
37.0207788
32.4706003
31.7541428
30.6468098
14.8846269
17.0800588
19.3668814
7.7311230
13.0608989
27.2971447
28.1648422
19.2056176
38.7115551
8.9741146
45.4705955
37.3380589
12.6823543
3.0167049
7.7218336
4.8863353
4.2912837
19.2603241
8.8320625
23.5101422
24.1737567
24.9795405
11.9380206
18.4331717
17.6557600
14.6735514
6.8408206
4.9679922
10.2624658
7.4880638
7.5716379
5.4795376
4.6923140
6.9116066
7.3881502
4.6472756
4.9553101
10.3944019
9.6862214
10.1169744
8.8402101
11.8129345
9.0762498
10.4160655
8.3182321
5.5961330
18.5545252
15.2067907
18.1028982
16.2899451
31.1523318
14.0188534
11.3871973
5.9214934
12.1084583
1.2701716
2.0490347
4.9382376
3.4777798
10.0344332
1.4174728
2.7174852
3.1733221
5.9714760
6.8636923
2.0728339
2.4435317
3.9384661
5.1826332
0.3920156
4.8363294
2.0870134
1.8597420
18.1341701
6.3216147
1.7423185
1.3151308
2.1796869
6.6719393
5.3434823
2.9192151
6.7917668
8.3804160
1.4501360
3.1813242
11.8755057
8.2511035
9.2392018
10.5312497
13.9940206
11.6689566
12.1619471
15.8636956
14.2489619
12.3009944
8.6103266
8.9680238
6.0855438
6.8828027
3.2077980
9.8834223
5.7218404
1.5197317
1.8189629
8.8027845
10.3225616
10.5948256
1.3093535
1.7453889
4.1153224
1.7273684
8.6699055
1.5561453
11.4145570
3.9813781
7.1643719
4.2508106
5.4768894
6.4022609
37.6312901
48.9882466
83.1846304
80.7931889
63.8599352
69.7955541
63.6572297
51.1797797
43.9311458
39.7285992
20.9004091
14.4270003
51.8705599
55.6783685
37.1525579
41.8444359
41.5934459
39.9806288
23.1958354
7.6711980
19.1466811
14.1260003
14.1835450
6.2610418
15.8108393
17.1035356
9.7269372
6.2887497
5.4335830
13.2036794
28.0513888
24.6371849
36.6678479
42.9203196
38.0991179
67.4786853
38.8243759
42.1295700
38.3056631
38.1279504
68.9228984
52.8910535
97.0173193
85.5790875
133.1195382
89.1668429
144.6812810
94.0382766
71.8048840
75.2047306
39.1739221
36.9627264
8.6074243
13.9546082
9.8049538
29.4135383
59.6707338
52.4686789
54.7064827
56.7048718
79.9983883
74.0359121
81.8705434
79.9889189
74.4031274
68.8373397
62.7445202
82.2655194
78.1258362
85.0467306
66.4995140
103.7070741
90.4190625
111.5659691
87.5388393
92.6872966
77.1959276
91.5169053
66.9474259
89.1356458
73.2629504
80.4591705
88.5379902
91.0875129
91.2535637
94.8398632
89.2704759
93.4933827
91.1561210
100.2938024
89.1126870
106.4974328
102.7330970
97.0026989
94.9358504
96.0693546
99.1459376
98.7556114
89.8662388
97.4212814
82.0142156
83.8883419
87.2343870
71.8883407
77.4043433
73.6878410
68.3532766
43.7838504
52.1763854
58.4564975
62.5281902
56.0831205
57.0990102
72.2694714
81.1398955
63.4888969
52.5726678
80.1409266
69.7050567
62.6406139
69.6808681
62.2008351
65.0670602
58.1170533
62.5639897
49.1107615
58.7054452
47.8481912
37.1816443
34.1364713
29.7366685
33.9059250
28.7642752
33.3080167
31.1551785
54.1430047
49.0866348
42.8059785
115.4846864
50.0012145
185.9882070
56.1967591
129.4413308
40.2284704
225.5576252
34.8711099
43.9975250
38.4877961
32.8381981
24.1774127
37.6603890
36.6721725
23.6046714
24.7851674
32.7535066
26.6703309
19.4997877
25.3154831
22.6342440
18.8096678
15.7173934
12.5811836
12.6875396
7.8829473
8.3054805
4.3358783
5.9398239
8.8715724
7.0034716
9.8157120
10.9089255
19.0501077
17.9401481
17.3761876
15.6154364
8.0138099
6.8564931
2.2043358
6.8444182
8.0881155
1.4881015
5.9832812
2.0399256
5.0668493
11.6707175
2.2050029
4.7881172
6.8501360
6.2754229
4.4566265
1.9708568
4.4916143
8.0096654
8.4352249
5.7257413
10.1953626
5.9233524
12.2714016
4.8831704
3.0374705
14.6738534
2.3132925
5.8073057
3.9108521
5.0383776
4.1951931
4.9472207
2.3150688
4.9033097
4.2409132
3.6658288
6.3775975
3.2294950
3.2828027
7.2955819
3.0316559
1.6498621
1.3753583
4.9156282
6.7969348
11.8127074
11.6641144
5.6477260
3.7359763
3.3117317
10.5740349
13.2675694
12.5746054
7.3719037
10.8276374
6.3706455
6.4167815
0.9734719
12.2718096
0.9965291
4.6151188
16.4783776
8.6537758
6.9884824
8.4828987
3.1121096
5.2115282
2.1385969
2.2703313
4.8224875
9.9759172
8.2434901
1.8989875
11.7227347
724.8346499
31.6774971
52.0317055
59.1637445
94.8744932
93.3721366
85.3177455
81.4496507
64.3488402
69.6071383
45.7160588
24.6809497
45.5150917
25.7834123
21.4224316
19.3658240
26.7145691
32.5030005
74.1010726
33.5021784
17.4908847
12.9839903
19.1176938
5.4069612
3.0914687
27.7203781
40.9534595
46.4800914
52.6099422
57.8855860
52.5000637
25.4710247
18.9258543
10.6469674
16.3449204
12.9706539
12.5264326
9.0246190
21.3297013
29.1568668
17.3655174
52.3352528
34.7836017
51.2466991
47.2520438
71.2988104
71.4062138
70.9743877
79.8523597
94.1424213
61.0029648
80.2682803
86.8936331
72.8871200
73.4944175
78.8665072
69.5903893
116.5846539
90.0646189
127.4676485
139.2659837
292.5397372
365.4740745
306.1209467
140.1824818
92.5618024
168.0510638
156.1516018
154.4196141
133.3463579
121.2503362
162.8131186
185.4244405
149.1078898
156.8478758
167.0798537
178.9377688
150.9105256
163.7170585
128.2367170
136.9312760
122.8395282
105.5186793
100.3112875
101.2539348
127.9919662
118.7250773
145.7071318
124.6392096
129.7973869
151.1140503
120.3366400
143.4973234
145.9309672
124.1336964
94.4511184
126.2248854
95.7528412
86.0756401
76.5679028
63.9042426
82.8598899
59.7000513
60.1148252
27.3589351
47.6494506
12.6967054
27.4866604
8.2242569
3.7728702
5.4836177
1.8248509
6.7316867
4.7180631
3.6077975
1.7904557
2.4446682
3.6131259
4.5692686
4.8813868
8.7445896
5.4772366
16.1560775
10.0238100
8.8515043
7.0378144
8.6011555
1.3883670
5.0121102
3.6123374
5.6452178
5.4923912
2.8680724
3.6672086
12.2358498
15.2994890
6.0141859
11.1626372
7.3216549
11.7858090
4.0165048
5.1270845
14.1272579
13.3192851
4.0154148
8.0590060
11.3042345
16.5149056
15.1972656
16.3241002
16.4697661
15.9135542
13.4501518
20.8008259
16.1244034
17.8687452
17.5482928
18.5533840
22.8040708
15.0627678
16.8914739
7.7489986
18.6389493
55.5174750
17.3900147
12.9865923
12.5182822
19.1153306
47.7714216
47.3447245
37.8680456
34.8766973
66.8539904
47.6849058
52.2752933
29.3862369
132.4869568
137.2054097
279.8244441
288.9556847
138.4877246
93.2093848
25.1034574
42.0991883
51.6079304
45.2906724
91.7140897
202.5783806
323.1387774
222.0361406
141.6433415
147.3468296
108.3690797
47.6564346
65.1721479
77.5501294
70.4722248
276.3087644
181.8919909
241.0947526
230.1277900
278.9629849
281.1252421
289.0690268
252.9155604
226.9814304
164.4040591
71.7285638
63.6745497
48.4103685
82.2409348
42.3026950
380.2837282
138.6827230
364.0400454
403.9935514
402.9008942
453.7273293
330.7649513
390.5717224
317.1499618
325.7942035
122.1578094
393.1630155
108.4536472
330.1985488
83.8550255
434.8747514
567.6189131
487.8032506
446.2048418
515.3351209
462.7544872
416.6488673
342.0552918
80.1075477
121.5267803
360.2966642
246.8194860
181.0420240
405.3127051
122.7600516
36.9322405
24.7372906
22.0117348
18.4661549
12.7480592
24.2202419
15.1407342
13.0956670
18.7374940
12.0110446
10.6507986
38.5245975
77.3051521
194.4225358
121.8177467
472.3398862
417.3325482
437.7543345
155.7588581
47.5277542
81.0364103
19.9468042
36.6769888
41.8473544
60.9689021
50.6609842
41.1354172
31.6911451
35.9822226
51.5731643
31.0976492
55.9635485
13.2355993
12.3668435
4.9321933
3.4773645
7.5279975
21.4192690
8.5709924
3.3987066
3.4045320
11.3747632
8.7823710
3.2317940
9.5726924
10.1062520
8.0185128
21.7015547
13.8530122
12.4212636
15.3536953
16.3508617
13.0001632
19.3447958
6.7043970
19.4388777
14.7336096
9.9223933
19.9823705
13.9142772
19.1029442
24.4890319
17.1149542
16.0523106
6.8466638
12.1726007
3.5729892
4.8211334
2.0115610
5.4723048
4.7961160
4.6914074
1.8752432
11.0674096
29.8965524
60.1233949
57.1872010
231.6914205
112.2861896
194.0422516
84.3251347
100.7269053
65.6463139
44.6570068
81.1379476
34.7959199
23.4918365
17.6437032
16.6169548
17.6677163
15.0334636
15.1438903
5.1443475
5.2938821
7.9641199
7.8122863
6.4420008
3.8305318
4.3129654
5.0114955
5.6831026
3.4215659
6.6662941
15.8619733
13.7460091
3.3930129
4.1229176
5.6790893
3.9951730
2.6412585
4.4476113
25.0798494
4.9077188
43.0341440
3.1842662
4.7504707
3.0586961
3.2863602
2.3426626
4.4664904
4.5276170
5.5420579
7.7489945
8.0846448
1.9823412
5.8470068
8.3561227
9.2248190
5.5092450
5.7023412
6.0894132
6.6892305
6.0635267
3.8016006
4.3738093
4.5518378
5.3062078
7.7150747
13.0995737
5.4430715
9.2763374
4.9245665
3.0769076
2.7359020
22.2320608
1.9920562
16.4781896
4.2189343
2.7527622
2.9321748
9.1380053
16.0072035
16.3152776
26.7428012
25.2688785
23.5990321
60.1746058
49.1666767
166.3103655
270.1214034
237.7036300
287.1503869
678.0558642
487.2035918
642.5961729
582.1295094
717.1288360
657.2637979
678.4926046
666.7523832
702.6174265
667.8279929
658.1880298
497.7300347
510.5991847
146.6611521
176.0148251
32.4777325
59.9586907
75.8674407
66.1342355
35.2652785
45.5217297
15.8703265
64.1503130
25.5371041
34.2280095
28.0110975
35.3023988
34.7939075
28.9270904
29.0409874
20.9467208
17.5949404
16.6552929
15.8088364
14.9059085
10.3481315
20.3518019
13.5353221
15.3000279
11.3816601
27.6946504
18.2310856
13.8076434
37.2505765
52.6220321
256.9487684
256.9330560
267.6320653
265.2977328
265.2916471
266.0940526
264.9002024
265.9858235
228.2457586
242.8795326
159.3400446
261.2149553
256.6254715
256.8483544
263.3634464
261.7496448
265.5887272
264.1962453
268.1392550
264.7067148
268.7048905
266.5699135
266.9961909
268.9613472
271.2222350
265.6326588
267.2660535
268.7517645
265.6429694
269.2705587
263.7817738
270.0212474
267.9789266
256.1089328
265.8697188
262.6213951
267.3416010
267.4280632
251.8351980
407.0442403
260.5759122
250.5857549
255.3705077
254.4208569
207.7425248
81.8150446
240.7583039
251.2486254
234.1699967
251.3625961
253.7147280
251.1387748
249.3612457
210.6564918
227.7635505
14.1722818
24.7887390
62.3644503
25.6554125
234.5198273
78.1296868
212.4520186
299.2826540
334.2514924
348.3439331
333.8365055
355.4852368
353.9740564
349.9003348
332.1323449
312.7637035
356.7353433
333.0077846
369.0431903
344.7960141
388.9247880
374.8810385
387.4297910
366.4244302
326.0499376
305.8679943
29.0743326
208.3914331
9.3574355
16.5083938
34.7971554
17.9262978
23.7620790
59.3582122
136.9665055
189.0851742
55.8971342
184.3456012
181.9853950
29.1687766
30.2872767
24.5497678
19.9413685
68.4384275
91.9085653
37.4384240
99.2651852
32.5228600
100.7382465
6.4433098
4.2312868
23.3337672
26.8711489
59.0876817
27.4912271
129.2106560
42.6228068
48.0375278
60.2051483
64.5160365
76.8039265
52.9449925
39.8009688
29.6400090
101.4397721
25.3861310
232.7612238
43.0473724
72.3684563
120.8403058
121.1830376
127.1312453
138.4505987
150.3597587
139.1163245
149.5190098
138.9411247
147.0804207
92.8086438
121.1815388
103.4025787
116.7548636
137.6004323
224.4699353
95.2793281
93.3496824
87.8209777
72.7552224
69.2445483
70.5538658
47.5056993
75.3856950
44.1798476
50.9703523
4.9062347
20.6303189
3.3609244
6.7394580
20.3920485
4.6285639
36.4871369
9.6869773
21.4781777
55.7033319
62.2597095
81.1559025
43.2125271
51.2295669
32.4857403
26.1038922
17.0795569
13.7840641
13.0763539
20.5309139
22.9863755
32.4417219
17.3924233
24.7754812
22.0649367
23.7402927
9.7180311
17.9759986
14.1215150
12.3033908
9.5707577
5.5397373
13.7920630
2.1872671
4.4288215
13.1076016
11.4809124
9.9687285
11.5171241
8.2511101
18.4291631
4.7997137
8.2770454
6.2314194
4.7420521
14.6307129
18.2394923
17.2530559
9.1485700
20.9215672
20.0348174
23.3507007
13.1799525
30.5791688
16.3915461
24.7981738
22.1163894
33.9645549
25.3540133
28.5527207
22.5751623
20.6679178
10.3118991
34.2057779
50.3766092
70.1332788
89.1091385
137.4164405
212.0463291
409.3990493
440.7250793
471.8111330
444.4662300
442.0287922
425.6969631
454.4398158
443.2536729
449.0432962
414.9966886
431.2569645
457.0092215
455.4708289
433.1578868
435.5975688
390.5157936
374.4464596
325.1588717
380.9439651
283.4228854
324.8289730
304.7950376
91.6388822
180.1275040
213.1692087
143.4444793
175.7219431
176.4226328
210.5053155
199.8688362
193.4779512
195.6979428
67.2820678
43.2941527
62.7744103
51.5265708
64.6843234
66.4623352
70.9880638
77.0606459
83.4887713
83.6814217
79.5194660
67.9385972
79.8713019
101.2107944
108.6023304
96.6821828
123.1217503
109.4964843
121.6865968
99.5763737
122.1796315
99.3310795
115.1433867
113.6883205
113.4067312
120.3912834
113.6991698
142.8476996
124.2332015
122.0042897
123.7136645
119.3949363
94.8883326
96.5374055
60.3957469
44.1787802
22.0276057
13.8290390
19.3625156
7.1453864
6.4027388
8.0101746
40.9716472
46.1927176
75.0695199
72.5390994
86.2370223
72.2971208
79.0684807
70.3299813
106.1274948
43.4518787
93.7979371
23.3015805
79.2555329
28.0612271
25.4101398
83.1789982
14.0733205
25.1872788
25.6543888
31.8998989
10.4624033
27.7026221
120.9877460
98.1955131
171.0043116
42.3176760
131.8964509
68.7016202
32.8731957
23.8301079
90.2566316
75.5666131
34.9131840
38.5687873
70.0010920
95.8382993
180.3199868
157.2912148
210.8781317
118.1243388
67.0707625
100.8169649
87.6569995
74.4630546
64.4263473
45.1156516
63.4034145
66.2683082
251.0198498
266.9934281
267.8226436
327.3835800
304.4539400
278.2937017
180.1591636
223.2596704
166.8533480
187.8180672
512.6316902
222.7767574
196.2443655
232.6428812
220.8624275
202.0210147
151.8782494
192.0568419
183.1970764
123.3602853
147.8934804
121.1321192
170.7834966
104.0195270
85.4393252
42.6505828
111.6483771
47.4915770
82.0140500
34.8287737
74.9982879
36.3304670
85.8616480
77.2076100
57.2808793
112.4131835
79.3764519
115.0949451
58.6876995
93.9485983
71.3092139
85.7310798
43.0924904
83.6758828
69.3845382
69.5094793
26.4824742
63.4434180
65.3173060
55.0124524
37.5026192
39.0203519
12.3323018
42.2074544
14.6573702
26.4862439
39.5096830
28.4391490
65.0642287
47.6109520
89.6155410
53.3105922
70.0579697
74.3244660
61.7450462
57.2619257
16.6138050
41.8467426
47.4469124
14.6881063
24.8454770
16.1793871
26.4912164
14.7193221
14.7332406
16.2623561
3.1363114
17.3869437
8.4922442
22.8946344
25.9988445
9.8961353
3.2195616
5.5499772
1.7388823
7.6941387
3.0473916
11.0970029
10.0036172
25.1219886
13.8620185
23.7126220
14.7847157
20.0954467
13.9452466
13.0983143
19.3917968
24.1068521
27.4104445
43.4520817
28.0823478
57.7607199
36.5447308
61.0082351
49.1615475
53.5204758
56.3266987
51.6569526
55.4927307
53.5119850
39.1056156
43.6604454
54.2299605
54.3009666
44.7592530
28.8660705
25.4744883
18.7166591
10.1929404
5.0820992
15.7082846
11.8183350
8.6404941
50.5954071
15.8071264
20.5811195
36.5743106
80.0656419
128.7609963
161.7193680
261.2994933
266.6182574
248.8381453
237.8170365
249.6661080
279.6647772
261.2496037
281.6732587
257.3942002
270.0745912
253.6989449
257.8457014
267.5890751
270.5149595
276.9253325
274.6596323
275.3540713
276.1948915
274.4199201
276.3721205
262.1808910
239.0185548
255.0095493
253.5647283
261.2903629
254.3190056
230.9638780
32.5335349
227.0802102
141.8768429
116.1881115
19.1213719
28.5903369
14.4812022
5.9300317
13.4331779
13.4308471
19.6970120
19.6949268
20.8889760
34.7420924
39.8467429
36.6233596
48.0937800
40.7650899
40.1061078
45.7136195
36.3817929
37.5863715
40.5463961
42.1535931
49.2918520
54.2246994
37.6137916
33.0599331
34.2797792
16.0790148
17.5751505
16.5125587
12.4010551
15.8624383
12.5843286
15.9649311
25.7251355
30.3981511
39.7121817
37.7820354
51.1884106
50.1018730
61.1387542
60.9981104
64.6635360
62.3644124
47.3581930
29.8648567
53.5767771
24.7336192
33.4180908
20.4200355
32.2402276
35.5273543
26.3696141
41.9733657
30.3310166
27.7413134
22.5410724
27.3212901
22.7596409
25.1452260
17.7128734
21.4009656
22.2489020
17.0291340
21.2917825
21.2691163
28.7197870
22.9520767
50.5283856
75.4523231
86.2392382
77.2181956
70.7776651
71.0958939
44.5131120
33.7557704
31.0988556
19.5434840
15.1511649
22.2013412
23.4106756
25.7493059
29.9381464
38.0697902
24.7787802
31.1195261
16.0358469
28.0682675
45.4121488
85.1285739
93.9793833
104.0512662
96.5283149
130.6903630
129.7053963
169.7735388
163.9670487
221.6021647
227.1962196
258.4890695
273.9258924
273.8520562
297.3386290
339.5638763
308.5718611
327.5399690
350.3569344
360.5266398
372.9408860
255.0754407
337.8741287
276.3611893
303.6238034
244.1838799
254.4703039
234.9510277
239.5616235
239.5957467
164.2219897
87.8042904
83.1170604
60.8298579
55.7853810
23.3697872
38.8516138
26.8174588
42.6821226
38.7482588
106.9111044
153.8036930
141.2596433
268.1575618
248.2922161
252.0658839
226.4150429
183.6676063
166.3692848
156.9674427
197.4622813
198.6279723
187.7325507
196.2068458
121.2791446
137.1386462
59.4522973
84.0859317
48.1917027
41.5835214
59.0877892
58.5089176
45.0341190
47.3078434
56.3645196
34.0723483
37.0361757
35.7038026
21.6847250
18.2034517
17.5300178
18.1601670
10.2938218
20.8894241
20.4157648
13.7445559
16.0279390
14.7185268
15.9448133
5.8278300
14.8767242
38.2788389
10.1210119
14.5065978
19.2384223
8.6026748
19.3793818
35.3657835
12.7048618
17.5158284
6.1179331
13.7934507
16.1969952
8.3739287
10.0292001
4.5670974
4.6859671
18.3768670
6.2093719
2.9039455
0.6092093
9.3802868
1.7611911
12.9956353
11.0146727
8.9314680
5.0060535
52.2712735
10.3295847
42.9269766
15.6073602
38.3817841
13.1996100
21.0845186
18.0947270
26.1117118
91.3004912
97.0749718
79.9882157
60.8961699
92.0034572
103.6409651
100.1515307
103.6423793
113.3791487
119.0918981
85.5025213
60.8877851
55.6716004
70.6567339
19.9339094
69.4332962
37.6060383
76.7371662
69.6018322
69.9956665
64.5054497
61.0404204
74.6158493
82.7273953
72.9286113
81.2379778
72.1108254
72.9169440
68.2574418
73.1518646
75.8114229
64.0756583
85.9118052
71.2161280
82.2734992
63.8408057
67.8400409
61.7889937
57.5610196
81.8981929
69.6978723
75.2950190
51.7441497
45.6392908
97.0243545
89.6915939
32.9657320
33.9626952
22.8442971
46.3352522
6.6239686
12.0022404
12.0730219
59.7493542
52.5049468
182.2165734
52.3390159
271.9045408
54.7151106
271.1947423
82.3987137
193.9381550
19.4744934
157.3468395
139.6699491
199.7610804
154.9109217
226.7667747
265.0394792
250.5349455
256.1103384
243.1662469
230.8775595
222.1496877
216.6961179
218.0907879
198.1854710
195.7501628
207.3913361
224.1754669
242.9734393
205.8934189
218.1863362
200.7183099
278.2358244
187.8338080
203.9390085
181.0683216
175.5167932
176.8256951
151.4015311
171.4666606
152.9821902
138.7708291
137.9632774
221.1914776
148.1643269
152.1217305
143.8523099
141.3434794
132.3452570
124.5760605
133.1275309
154.3871340
148.0174551
190.5408794
159.1435533
173.5237157
169.4589048
167.9355243
162.0031585
155.8450866
143.8887041
143.9632861
130.2631079
144.2983283
131.7271208
204.5894588
106.8358392
98.5026098
103.6389966
93.1651699
100.5733145
90.5778027
105.9700972
89.5813737
84.3081893
86.7730725
71.7683623
64.4666996
56.0847804
42.7718260
31.8703762
25.0765473
18.5666811
19.3925027
10.6916072
16.5903376
8.3950901
7.6218464
11.0269951
3.9067536
4.1516272
19.3519979
48.6638241
56.1322789
2.7799775
60.1483500
123.9749935
139.2155714
35.2556763
99.2463032
109.4235774
131.2983586
103.6573582
101.8584231
82.5929038
81.3649308
72.8956828
132.2994217
140.4756013
174.0684635
181.2843615
164.1713094
170.1382687
182.3545611
199.9074328
198.3885712
113.0509504
119.8887433
152.0767169
105.7126131
91.9882296
67.9509732
82.2415466
25.2382054
41.6927677
21.5304314
21.5967083
9.8688025
16.7739869
15.9500655
17.5327498
16.8195029
18.6829956
15.3199469
11.8848241
6.4617623
4.2484229
3.7294509
3.5231300
4.7056768
2.7554780
4.3307925
2.2887725
2.6983092
5.9580506
5.1170171
4.0458764
8.8507568
6.0426612
5.3723302
6.3342640
7.2608084
6.9538068
10.4069221
10.1454871
9.5036662
7.8832602
15.8058996
6.8126054
6.6696199
4.8545699
12.4190070
6.6351622
10.0003409
9.4684259
10.1903808
10.7852391
6.2316760
8.5393357
7.2614670
3.6703885
5.3424213
0.6893650
3.2836674
1.5868249
1.6474153
4.8547720
1.4109029
3.8909110
6.9050388
0.7302639
20.3252390
6.1487368
26.1360703
28.0663531
32.9366119
65.1254666
22.4603080
43.8699821
20.3084433
33.0502488
39.6736386
22.3398476
39.3014581
24.3762093
52.4423741
37.4257350
26.8270074
25.1673047
29.9702973
28.2574621
29.2106290
27.9494176
53.8534916
41.5138888
53.5979456
30.4815677
25.4120427
33.6258092
39.4802704
39.0750193
34.7752474
43.5725942
38.7480682
46.8328832
55.2079216
20.2251152
35.1603130
23.8191104
39.4015641
20.7838172
26.6235956
24.5924856
27.7657668
8.4033273
14.2973837
8.2669286
21.9799056
17.3399029
29.4948849
13.7935718
20.6477757
17.9959975
24.4617451
16.5153278
18.5922158
22.7991582
35.3744131
12.9435396
28.0671922
34.9130954
30.3825592
18.0526713
12.3863482
9.9806104
20.3839922
23.2686573
19.1619110
35.6753548
27.6905724
40.7254024
40.8830965
52.6317748
45.1121623
50.1989680
54.0120696
54.8896704
58.3305048
95.9930374
87.5497509
123.1259673
65.8017679
57.5682026
48.4325952
23.1573727
19.5921872
22.5746298
16.0866034
23.3243056
27.7102253
15.6905017
21.1696935
14.5937228
11.7424657
10.8913600
8.7587822
20.0919544
12.3329999
20.3413288
2.4126859
5.2692045
4.6389515
5.2301467
8.0700675
6.8578906
8.6158798
11.8323652
5.9022895
2.2850584
2.1983026
3.6481658
1.7310422
1.2997867
6.3703217
0.8364201
5.3181745
9.6062248
8.5276495
16.6531536
20.6828369
21.3000073
26.3023378
33.3969405
39.8675225
24.1671837
29.4049394
25.0077584
35.4400756
28.9309566
20.4600207
17.1131956
20.4219430
27.8908998
22.5341210
35.3149262
37.7543357
28.2937395
31.4616903
24.7745473
23.4746427
18.2816797
15.9509917
15.9070913
10.8735645
11.2553593
6.2171552
10.9877293
14.2414088
9.9668895
17.9051571
1.7321295
13.3439387
3.6995654
13.1233111
10.7186979
11.7079628
8.0493624
9.6869023
2.9512350
5.1327456
2124.1849763
7.4572027
6.6185551
9.5329107
20.4177107
10.4356108
11.7105325
13.1018979
28.1497926
16.1002259
17.0127963
13.5964858
18.6897596
17.9572626
8.5618181
12.1388895
9.3637895
22.9667575
18.3043438
12.3166873
14.2113074
14.9278088
8.0420493
17.1478371
17.7489206
16.6732775
21.7009386
12.1576869
21.5989504
9.5481553
13.2909231
2.1490701
6.4070434
1.4952530
2.7109099
16.4743187
11.2377355
18.0703485
19.7459583
20.6394828
13.6549992
20.6240722
13.5431695
10.9272373
6.1488563
7.3477998
1.5198372
1.3362175
1.7324457
3.9955894
3.7916927
7.4786464
1.1392988
2.7593502
2.6180988
3.6063773
1.4355746
12.3398859
11.6133119
28.3122592
29.7471207
33.9795524
35.8800432
10.4197629
13.7832627
5.1661210
26.5207829
24.8333234
41.7754096
26.6687267
37.2658252
23.1514581
22.1510253
11.7359017
10.8936909
10.8537319
28.4985620
27.2383136
52.2660665
37.0134468
57.2250898
48.7134204
54.0377506
29.3589406
25.5388231
18.4601049
24.2505098
13.8403825
7.4723348
3.5093762
6.4171203
7.4145444
15.4090331
12.3586552
18.8142009
8.0607474
8.5930220
11.7969821
13.7993072
10.2167683
17.3094053
12.2207524
21.2630859
19.2403066
19.1243346
23.8223581
35.4206571
27.7805067
22.7879307
19.4540663
18.7916407
25.8242228
41.4880228
29.3915043
49.4996433
45.9957605
49.7828844
53.6038718
36.9118133
35.9667457
35.7853986
32.8297200
30.8988269
37.9033870
39.5965108
39.9943761
41.0254977
48.0031393
56.6309045
81.0700577
64.3046217
83.6968420
64.1255335
75.6392513
67.1899484
77.3532389
77.2758929
74.0745344
90.8638994
97.5186808
104.6793913
111.4007948
118.4889388
121.2147444
118.0632481
118.7566286
114.8409210
114.4158379
111.2204215
97.4463964
100.1912426
90.1413910
112.3799264
81.3948332
73.0075840
70.9051383
78.3134806
83.9023446
80.3063884
77.4572447
96.5072078
87.1309967
100.2477567
76.0316000
78.8292092
80.6981152
63.9114720
60.4717514
50.6806869
52.5055312
54.3888809
42.2695168
39.4554721
30.9864625
29.5920237
33.3532687
29.0262976
17.1604360
19.3783389
18.7042899
18.5383816
11.4205082
8.0188885
13.0208923
7.6413597
4.4182365
7.2762053
13.6359703
15.9335006
16.2581163
36.4286264
28.2490526
30.5227034
34.1548878
34.8465191
36.7108159
13.8007202
33.0040064
34.3232922
35.9896072
28.0788978
42.6429287
37.0379211
48.2859758
34.4432802
40.5577724
36.0736093
34.5304784
28.7009864
33.6305558
39.2356468
33.1857257
31.4590703
34.0420067
32.0431504
34.9318657
35.4648391
29.5620581
30.4129351
34.8325546
34.7258595
36.1605681
38.3735476
30.7616110
