15.0157757
168.5288688
14.1908976
169.1492221
179.7361142
169.5652438
164.7968270
27.5238678
117.6687068
19.1601153
10.0465809
12.9728180
2.2779344
4.7124797
14.4799794
34.9428927
127.0064553
170.5029854
165.4148465
172.4874450
155.8213820
164.0639687
171.8341990
10.1481569
163.0778896
5.7095818
13.3551705
8.1241507
2.5712929
163.7379793
5.0216245
5.4808794
5.5639433
2.0360379
1.4786558
0.9566345
14.8941109
172.5815331
162.1855582
8.3513741
3.0850091
3.2495417
8.7093718
3.9563123
2.8918874
3.6222146
4.7703495
5.9282166
6.8083070
10.3210225
6.0813150
9.9107292
6.3512247
8.2705591
8.2056175
11.5852073
12.7302656
5.9035761
5.1127370
3.8113180
9.1237646
7.4427574
5.7604350
8.3901275
10.5979322
9.0362988
4.2595976
5.4035646
1.3461565
2.2392195
2.3186413
0.8301861
1.5074162
165.0580860
160.8448468
162.6600405
159.0983456
157.5780839
159.5597754
154.4375739
157.4511051
160.8632564
115.2887047
156.2494269
159.3676911
176.1817894
162.4193655
160.3088691
161.8676967
160.9787261
166.0819964
165.6989854
165.2521641
164.2290121
176.2173410
159.6102043
117.6746722
165.5208267
163.4613173
167.4557862
164.6428771
167.5181703
164.9276168
166.9786621
168.3220246
161.8875441
176.1963346
169.4095358
166.9807206
176.2960696
173.6462958
169.8372571
134.8634685
179.0434243
36.0375269
169.0014997
175.2448750
176.2201474
163.7776326
151.4257014
20.2651171
178.9318635
167.5616962
14.5221938
178.1179276
12.0851653
161.5843399
15.7347583
162.5294485
8.5470316
121.7072950
0.1865939
3.3679744
3.4766414
4.1466351
8.9695412
5.4201923
3.6831321
5.1054583
10.3474993
3.0558908
166.1323316
5.9970085
103.7442399
116.9398964
4.5403435
169.6362479
9.6834784
5.1469762
2.4203976
2.1393618
4.5433119
30.1373078
169.3861606
175.8069283
171.9491296
172.1042671
171.0358844
172.5066896
169.9944007
169.0827502
168.4480728
168.2335777
169.6849503
0.9697621
7.1145368
4.6348533
0.6417630
4.5061036
6.5895064
7.1063956
7.2235103
1.0897787
4.6052823
5.3715833
3.2609970
5.2310781
4.1116791
5.6099126
6.7236363
7.3630318
10.7874281
2.6854173
2.7503494
4.3129258
3.6876644
5.8751558
8.2831463
5.4842304
6.2886094
11.7116716
4.5364656
10.1820838
8.8849182
6.8840247
7.7872431
8.6326365
7.2430926
8.7940161
4.5971427
11.3922635
8.0370469
3.4995830
4.9621347
2.6129493
5.7287886
3.7412576
119.4718120
141.3101215
161.6826157
169.8362161
163.4134019
168.9164374
168.9422117
6.7910423
6.1246970
3.4162286
7.1680033
5.9748656
8.7702678
3.4337009
171.4016337
1.3594535
7.5210304
0.0131371
11.6804993
94.7675963
4.2163730
170.1850314
13.8629000
171.5841009
94.6617737
0.3942040
1.7663252
7.2487110
8.0003637
5.4742506
7.1406493
3.1328292
0.4343957
161.6548300
36.1918488
154.2691977
159.7040045
162.6682609
166.1665456
1.1326029
159.1080656
1.4349237
164.8032414
152.3898902
178.2665178
169.2262084
167.6376157
140.7207253
136.2935195
138.2882106
119.6823299
148.8321971
123.4362204
114.2992543
135.3006239
124.0667987
113.4715758
92.9984892
110.8518235
92.2688805
78.0402936
106.6689400
96.9770869
110.9237202
101.7769659
137.6335903
110.4673822
135.1778402
90.1484005
129.4618632
111.0872117
130.9695990
140.1443724
150.9542972
145.7398053
153.1472273
170.5445847
116.7106047
127.0736981
159.1887613
172.4784820
172.3540897
170.4621947
166.3726627
165.3166673
156.8827241
172.1030455
170.4485878
169.8273813
18.1406577
166.2836842
175.1882342
172.9858783
166.0751381
173.3656457
172.2593727
147.8830520
11.6155282
171.1898303
4.4965660
9.8107597
13.8901076
174.8092358
12.2702793
179.8026432
8.7906912
12.3483221
11.5909324
27.6223703
12.8501568
9.7149363
14.6661236
11.9933813
16.6699346
178.4944196
11.9653943
160.4340949
177.8247232
179.7091913
16.2445990
15.1365621
177.9729807
10.6515191
139.5889425
170.5572234
168.6471013
169.4949895
178.3344536
173.7604056
175.2450287
178.8504062
105.0493207
16.1984792
18.3761685
16.4041172
14.8284778
16.1830077
15.2036826
18.5057733
15.4278101
16.5762932
11.1035057
16.5556682
15.4048405
13.3494126
13.6168873
13.7422604
15.1829664
15.3342776
12.3604526
19.3072165
17.4992156
12.0882899
14.3232506
14.9380286
12.2034514
11.3752629
15.4077502
16.3611504
12.8770254
14.3081691
15.4872090
17.4941053
12.5191991
16.0126873
16.9624023
15.5219543
14.6469801
16.8475833
17.4657915
17.5384187
17.1678026
15.3260399
16.0324813
16.4923479
16.7162688
16.6615867
12.9604666
17.1207781
12.3509017
10.9501397
13.5045539
12.0302632
9.8000240
7.6442591
7.7755255
7.2491479
3.2678157
8.3402848
3.2617415
8.4232855
6.9345492
7.4494822
6.5082534
3.6496124
6.8507782
3.7635209
4.8619745
8.1346741
4.1463846
4.2124890
7.4390385
3.9921520
5.8768057
3.9024307
2.8485637
3.6614416
5.9188721
6.3208471
6.1257220
7.0460281
8.2910519
4.9173061
16.9457092
5.0352914
4.6867357
9.7502631
3.2777165
8.2529561
5.1025873
6.8251083
4.3825088
8.0994584
7.1931036
8.2806911
5.8073513
8.5621172
6.7674783
13.0966404
3.3160487
5.5606212
6.1401166
6.2913200
8.9736132
8.4363092
10.2117601
13.5187381
11.4716922
9.5980072
9.0671582
11.1264358
11.2037806
14.4947570
11.2455901
13.9936712
13.0096883
16.0824155
15.7041196
20.2809049
14.5377221
17.4433776
15.8457476
15.6416323
12.1603098
12.0696497
14.4065126
14.1256740
18.0165437
18.4001118
19.1004601
17.1274489
22.0241175
20.9525086
22.8549202
17.4465779
20.3682717
19.7376891
18.0222999
17.0694157
17.8580872
15.6435757
17.9843906
16.2801196
16.3949403
13.9649331
18.1384956
27.7307694
16.3627310
17.0436277
16.6735713
17.2271162
18.6712352
18.5474869
18.4425481
18.5898440
16.9592987
16.2422136
16.3820165
18.0366203
17.7901508
15.8257760
16.1483705
18.0821775
17.7104285
14.8783706
18.6512118
15.1792800
19.6891542
18.0850214
18.2035926
17.0765555
24.1158294
21.5433597
21.3487483
33.2231215
19.5054853
27.0610199
24.0978064
18.3620739
71.6489821
25.1221034
93.2584646
125.2590742
142.6057003
139.5135800
177.9743838
176.7290009
17.9306725
176.2514630
142.8969143
28.2755304
151.2527423
178.9617426
153.9078879
173.3130739
154.6199092
175.7659524
168.7061298
176.6923055
168.7536540
178.0029555
173.9632994
176.0321876
173.8962189
155.4409327
173.3552885
171.9700892
174.6314908
122.7429677
173.2862660
12.6648641
14.1514285
14.7082230
13.4883297
20.2378005
176.0149280
175.2463185
16.3627677
177.1582456
19.5018208
175.2217605
175.3801404
9.3784961
170.4795899
173.0273377
169.5565379
172.3961904
127.6546419
18.5237990
25.9982721
16.1142841
21.8272361
18.0028951
17.4824632
18.1936524
16.4586096
13.2651064
13.5925372
14.3297895
12.5260952
18.2391216
17.2329058
15.5725943
14.4295740
34.5916164
18.4178247
15.4234732
20.2857942
15.2680047
16.5789117
16.1299388
15.0414279
13.8746360
16.2155881
13.2493117
16.0887213
4.9249372
13.3494248
11.6852890
13.7361983
11.3137754
10.9349504
11.4117355
9.3095899
13.0353477
10.6846666
11.1084971
5.7958655
5.8596129
9.0374730
12.2285148
9.3454829
10.5708402
7.3077535
8.8670242
11.3250255
6.7117616
7.8942770
3.0563729
7.6888192
9.2074798
8.5149668
12.2936383
13.6062410
11.1016146
11.9448173
12.2598943
11.8642491
11.1667800
9.4327430
12.6837493
6.1024742
8.6261887
11.9860991
9.8253829
10.1000705
6.2878667
13.3916296
10.0752759
10.4460336
15.0592666
9.3620724
14.1982443
16.5363782
12.8898842
12.9595592
11.9332457
15.2320551
16.7046913
12.9137865
13.5751098
11.5407687
15.6711513
11.1896699
16.1616345
7.8738596
9.5606810
8.4374704
9.0349382
12.1424648
9.3489818
15.7475719
17.5645601
173.4697244
28.4573085
13.7558005
155.8693175
102.1345776
176.2143819
157.5700532
125.9977015
16.6222504
18.9114676
15.9162837
11.7548610
14.4936060
12.5204194
13.5972687
13.2892089
14.2894102
12.8491751
13.4196124
8.2602764
12.9750115
11.7342140
9.8070007
22.3895872
15.2859684
12.6777840
12.8431805
9.4116160
17.5177203
18.4032926
14.8446898
16.1435701
18.7315664
18.5922528
20.7585699
15.7461007
13.9246650
16.2019111
18.0621904
18.2252057
14.4612694
15.5357591
15.8148516
15.4670707
15.2679201
11.8082607
16.7513270
19.8083773
20.1554303
15.4268258
15.5374274
14.1830286
83.4142553
16.4961555
17.4832667
13.4956775
17.7227240
13.9941686
14.3528375
14.9343686
14.8746311
14.9642204
17.8712099
19.9850696
11.4389453
20.0132906
16.9713433
14.1657858
15.5218929
12.3809276
13.5891961
12.9248392
10.1401223
12.8853668
10.1765453
10.2743400
9.9789419
6.3408630
9.4472686
11.1377135
12.2846091
10.4496196
9.2803385
9.8295361
6.9372356
10.9737478
179.4077621
9.2030329
14.6637463
7.7760209
16.7129408
13.3609250
179.1810611
9.9715997
20.4628179
9.9779808
9.4944735
10.6534671
5.6026268
12.7669907
6.9558059
9.6975432
7.8147120
9.1421267
7.2571337
6.4010842
10.7407164
7.8057156
8.9999213
7.6039989
11.5814916
171.1625194
25.6499405
168.6161843
173.5132873
168.4122879
168.0684576
174.3682470
168.8593609
166.9295530
170.2121998
167.5444490
166.5290763
2.1588961
6.4118084
5.6856805
5.7351995
166.9333070
10.2906372
112.0491016
168.7166774
167.9324513
12.3916757
7.4006414
154.9013371
118.2710072
104.9398266
93.6535364
106.2700733
130.9267285
65.1776018
13.3986439
86.5968358
123.6531871
118.2870264
125.6231781
94.7995411
147.7645576
116.0834319
160.7181470
147.1206496
151.7460496
175.4108526
178.0300245
178.2619420
145.3867437
120.8493578
175.8932583
179.4078086
178.2366851
177.1853644
179.1265244
179.6965032
176.3257875
175.8396543
178.8348836
124.5656580
93.5715781
5.2911857
6.5988579
5.2303325
4.1470350
6.0304221
4.0426135
4.3864141
16.4730451
4.2389833
1.8019156
1.7922512
0.4240638
0.7888703
0.7236766
5.9928795
2.5791371
8.2123257
0.5253547
5.4810241
174.0301760
165.6839896
176.0341111
171.3521633
143.9780906
99.0825926
101.0597662
52.6505535
2.8392222
44.0724216
164.2490646
165.4156559
0.3151144
177.0049976
171.0437190
179.9916126
179.9315953
177.0089583
179.8326043
174.9726578
175.6635079
162.9637707
177.1592446
177.9889758
173.7618253
173.2204760
174.7343964
174.2249134
175.2172013
173.1670689
171.5122359
131.3250068
72.5772191
103.1751083
73.5580393
86.3367113
85.5100639
89.9053630
112.3235959
115.1306690
75.2971552
45.9164510
82.8485523
101.9442375
55.6107129
17.9589763
14.0717850
9.1059584
2.2348531
1.0524433
1.6183392
95.3880767
3.4856592
98.6324363
1.3897823
142.5205513
0.2515242
3.7987368
2.6873625
159.0080324
3.6670336
167.3076342
4.0361923
4.2770753
5.3117986
3.9417591
1.0336471
9.3815246
0.9061998
80.6339553
5.5413350
6.1368820
2.5803756
7.5952163
0.5476481
4.7725639
4.9726826
8.6165511
1.6118669
3.2648517
1.2379069
4.7736185
0.6678320
4.3712497
2.9252024
0.3719192
0.7197251
3.0469660
4.8910918
30.5929088
7.6062664
7.5593851
6.9934332
4.6031619
4.4229688
2.0007673
8.4070305
0.5070012
2.0482454
1.6251041
3.5715286
2.7792335
2.7228610
1.1724706
5.1510396
3.8299152
5.3080885
1.8545210
3.9059844
4.9500450
3.9458454
3.7750033
1.7163810
0.0994849
1.3931485
11.3950297
5.4866532
4.1387997
5.1940020
1.5883887
5.0625256
6.4127401
3.3038157
0.2776648
4.0566378
5.2916329
16.5027828
0.8458144
1.0080766
8.2237328
28.8659186
103.1094882
61.2630570
1.4573106
0.5964004
0.2178044
1.0976627
7.0936382
2.9502045
0.4085051
4.6255630
3.5113732
2.7031107
1.9372359
5.3222428
2.0507984
2.7280576
0.9999190
4.3600388
3.5220077
11.0244382
3.7383137
0.4732727
8.4745522
4.0668769
0.5502474
3.8497421
2.8678163
1.1576287
0.6240901
8.1364665
2.5162627
0.3015112
3.0255273
0.0784930
0.3862392
3.1665196
0.5135800
0.3085295
2.4966680
2.7125977
0.1317806
1.8779188
4.5981354
16.4554289
0.0939865
1.3975135
17.7004468
4.8977129
2.6761061
2.9305863
1.5454348
9.7368771
14.4361890
5.8698762
69.4910928
43.7587029
40.6225678
78.2729806
44.1159607
9.6770621
27.2431728
19.9298112
55.3858964
2.3046750
22.9500197
5.0235718
9.4803213
21.6056841
7.4942540
12.5298290
10.1179846
45.0443786
32.2294359
59.9815248
49.3970047
67.8517628
64.1931545
73.6460493
77.4538926
66.7433378
60.3039993
56.4599380
50.6106937
9.2481065
16.5755290
9.1796438
13.4483910
7.7001261
9.0125233
8.4059564
7.3440776
10.0236849
6.5033150
15.8974868
14.6220171
6.9450202
13.1383507
7.3294196
19.3378350
46.2729480
49.0872649
70.0045275
76.0666342
84.5798789
83.1087969
82.2762573
77.6425212
79.3796848
99.7077726
77.7591208
34.2387929
9.9301623
79.7343843
12.0806119
59.5838098
12.6642217
90.2886098
120.1251745
83.8946679
120.6466708
80.1025833
126.9363614
96.4886706
136.9073406
64.1548140
54.7857361
5.6524235
24.0614948
6.2796513
21.1058184
35.8889637
56.1658410
48.9502336
16.0897131
3.3067712
7.6875249
1.6609859
4.6432911
5.3853054
5.3731208
3.2270303
5.9387881
5.7177958
2.3412411
4.7051125
4.6049596
6.2386915
5.5940189
5.3792291
8.8655755
10.5439944
9.8883127
10.9853539
5.4704902
6.0905521
13.5301030
6.0285411
5.7572891
3.9418470
7.7325366
9.2256231
10.9998974
10.5341859
10.7272186
8.3034120
6.0665928
5.7535507
9.1774564
9.6365756
5.2093037
13.4142751
14.1747552
11.9631597
10.2108827
12.7677878
12.8888458
12.1472757
10.0550749
10.8384994
14.6979968
12.7606259
14.8890462
16.3220478
14.2975205
17.0642492
17.3664049
21.1627929
15.7477493
14.9452700
16.6899544
15.6014931
16.6605958
14.1543531
18.8110846
11.5873668
14.6879251
17.7775015
16.4474543
13.2276739
18.6072918
21.2140510
15.7544203
20.1218792
18.1756209
19.9613083
18.0360573
19.5706242
17.9561572
17.9096497
18.0495910
18.2759793
17.2843770
19.0719581
13.8753788
17.1611643
10.8381146
13.6560318
6.0121976
11.1203479
8.2675360
11.2997722
13.5824532
10.5990775
11.3521567
10.9490036
12.1415121
11.0680117
11.0608522
8.9908321
13.1007782
14.9960059
15.9185295
15.9794442
20.7060142
25.1313223
17.2503847
16.3668302
17.5062135
15.6648652
10.7108911
11.8943366
15.8184727
10.7891212
12.2593898
15.4713316
12.6375534
14.7128279
16.3764968
13.7332369
18.3833398
18.0058607
20.2628227
16.2911152
13.8997694
16.1958316
14.6351598
19.8487000
20.6530376
17.9408093
17.4780846
19.8267188
18.2121327
15.8513247
21.7881190
20.2373522
18.0859823
14.1525208
17.0057510
15.3955570
16.0009983
15.1560424
13.6198204
15.8749954
11.8421899
13.4115608
10.6753427
12.1444065
16.1144358
14.5522082
14.3992575
16.8466910
12.6300939
14.1042443
10.0691452
9.2076773
4.4411068
8.2454200
2.2528281
1.2457616
0.7441001
2.4584275
9.7370673
7.9068166
7.2471499
8.7273227
7.3307468
6.5984091
6.0511632
13.2775213
8.8270555
7.8226696
8.0525587
9.2193929
9.0443578
6.9605969
8.5989512
8.8544257
7.1203584
10.4216120
8.3788470
10.5226109
15.1751207
16.5540645
19.4951409
22.9940163
18.1055379
15.5165333
18.1838160
16.5241484
19.7524648
17.3734859
12.6915251
16.4673774
13.6313738
11.2646944
12.8768369
23.9931672
10.4708815
16.6448691
13.6965877
22.2674143
15.4218880
22.1009269
16.2100137
20.1521789
18.5148036
21.1658172
37.5658323
28.3011629
22.0473816
87.5441428
15.2410446
46.4426005
15.4298829
14.3998144
16.4226831
13.9540296
11.1944834
15.3456448
9.0732162
8.3900644
9.4568557
7.9781344
6.1881356
3.2807998
3.2613549
3.9382056
3.8218545
2.8918943
3.5962444
3.1912790
6.7578502
3.7416994
3.1180315
0.0698153
1.1247952
0.3459517
1.1768058
5.2504179
3.9047075
3.1844447
6.2062032
1.0205507
0.6614623
1.7803664
0.8096072
1.5809636
1.0637518
2.5929175
0.7177949
1.7092775
2.0736398
0.4986731
2.6557209
3.8099421
1.8896801
6.0037927
3.9181579
0.2123544
0.5781147
0.3753050
1.0688381
0.9365179
0.4210892
1.2620436
11.0462130
3.9372403
0.1871856
1.7649270
3.7052739
2.7974846
0.2242347
0.6596512
6.9354129
0.5205725
0.3606853
0.0992215
2.4789644
2.4807820
5.7771880
2.2385034
0.8527426
3.0255030
1.0907490
3.4011844
2.8471540
1.7262666
5.0857061
0.4610284
2.4230948
2.1263967
0.2003603
102.0606766
5.7155162
0.2844331
6.6832183
3.4272799
4.2202619
0.9097730
1.1507348
1.4915576
0.8701649
0.4671983
4.4440420
9.5846770
5.8351779
2.5906287
4.1919607
4.5400455
4.3703880
5.9951575
5.5144145
3.1508306
2.1950053
1.3744864
2.0793099
0.3192404
1.9168591
1.6333379
4.5270458
5.8108976
6.5918633
2.8043291
13.2141890
5.8445303
5.2127918
3.7547734
9.5118013
6.0066228
4.2550656
4.2647334
5.7069600
8.3016462
2.7389048
5.3782514
6.3974134
4.6825294
11.9060759
8.3861821
8.4138989
17.5810622
16.4019718
34.1345461
13.3886753
38.7769920
7.9748140
14.4267800
6.0517597
11.7804302
12.1128040
3.6229733
15.2619989
6.2788621
4.2318148
6.5706504
7.9966496
6.7443625
13.3528464
8.4302505
8.5613128
6.8142628
11.0696897
9.8538827
13.3297773
15.8517390
8.8703550
10.9467907
9.5656126
5.8253244
8.0444114
7.4151533
8.5817473
6.6706201
7.0963196
5.1522949
8.7509118
12.4824814
11.5214216
14.9386550
11.0127627
7.3696590
11.4144292
15.7458056
7.8258826
15.8596091
6.6381631
13.3631145
10.0715107
12.3287363
17.1462842
11.9691858
8.1554017
12.9020902
18.4480154
12.5924447
13.6794563
11.5502177
15.9816840
12.8001312
7.2872038
14.1165082
7.5739272
7.0297959
11.5361558
3.2063759
31.1166799
6.2665329
43.0124829
8.5317428
53.0979029
28.9466823
20.9242292
14.0353372
19.5275716
49.2765832
26.5737098
57.6320735
38.6235125
80.4120868
36.9380503
69.9044735
27.8522994
47.1104657
28.5848051
37.7483750
16.8947342
2.4183672
26.7509223
18.9740806
20.1311575
33.0274732
63.8649043
55.6099153
68.6513533
61.1041055
74.3414465
59.7569400
82.0738686
48.9857497
67.9369456
59.4193501
63.7220803
60.4832413
63.1983992
57.8715741
43.4669041
57.2932598
51.9559174
57.1883380
38.2430504
62.6509115
26.2504988
71.0380447
55.4692143
63.2869534
51.4025604
53.5882440
46.6562711
56.1745867
54.9633974
35.2873231
54.8099620
40.0244518
53.4208047
44.9223165
75.6556989
59.7421766
55.8149572
64.3746632
74.5587257
67.0993957
55.9275654
55.5777349
56.4667670
57.8910270
53.3763291
67.9909115
45.8319795
42.6348827
36.9719975
59.8962228
45.7910051
55.5149695
34.8863488
48.4160290
48.0500404
39.6054106
39.7739984
40.6734065
57.6612948
37.1910193
51.1691648
53.1868528
58.1286620
62.1567310
56.7090467
82.1465131
68.9980724
68.4612460
70.2468415
93.5145736
78.9580126
78.4776988
74.3246033
74.2621400
68.4966750
76.7082302
59.4265116
63.5497309
56.7862218
63.8093108
55.7851036
56.3062246
30.8678792
33.5686112
25.0143089
20.7754551
23.5776578
16.1397530
20.3477836
15.7628642
11.5372576
4.7121194
15.9294317
15.3606335
2.1143234
13.2517168
2.6390214
17.8740355
0.0411560
9.5725764
1.7053971
8.6481356
4.9100476
13.5112271
5.5926011
15.7020412
6.6071247
22.1223874
10.9687891
5.4327177
7.1559697
1.6967005
12.7774751
6.6394365
6.5770512
11.5621992
13.0777930
5.5417635
4.5037298
6.9847435
13.8824325
13.2701766
13.3951765
7.1324925
4.1235137
4.3619212
12.4641219
8.1188057
12.7611108
49.1448202
38.7507229
28.4847850
41.8725955
97.2557991
132.3531690
87.3831218
133.0887296
125.5087160
115.3789488
122.5521004
97.8567448
117.1469660
120.1272898
114.4052260
118.7830783
108.9626703
129.3343449
130.8669663
132.9791790
117.7282822
112.9047828
84.7656666
87.0818034
101.5410004
89.2027415
63.5800124
60.7586478
70.5710622
54.3353778
64.9156457
71.5405183
81.1833131
74.2190656
69.6853016
59.9924286
78.5664496
64.2383359
56.7885882
77.3369080
66.5963306
73.1267658
81.0253311
68.3713253
95.5876264
72.1036558
61.2645277
52.0531668
79.0378809
55.4961027
47.6606264
60.8660980
63.7683486
43.3974408
63.8902878
64.7245307
49.5473757
73.6493442
49.0979836
53.1142256
50.6585143
78.9082450
58.0054299
75.2933137
117.2284841
112.1400733
136.4671094
71.5992973
95.3747180
48.1628605
37.7854146
33.8712063
32.2626012
27.9040006
23.4809608
37.8309431
42.0608476
40.4743789
47.3801597
33.8566054
45.6302973
49.9979697
46.0098045
95.7124069
65.7254967
90.1757463
52.8354775
76.1571004
46.4666044
45.9329732
63.8304129
40.0872675
37.5256213
31.9612687
26.0802243
42.0827127
29.6600888
48.5779202
49.6760504
76.4361735
73.0624266
76.0972244
77.2007338
56.7540359
62.9110220
46.3354777
37.0518991
46.0119388
35.7415154
35.4969876
47.4371882
36.8969155
36.5660142
41.2569565
42.6537511
26.0866236
33.8050297
25.9168229
25.7498484
10.1451435
29.9553929
20.3059026
15.7731914
10.6626482
16.7133652
13.5839620
8.9123521
2.1552470
6.7174039
6.7944635
20.3726660
8.0069263
1.1729314
2.4742389
3.8809560
7.1446221
1.7811058
4.6249867
1.6630047
6.5296698
16.9207056
3.9622298
0.4560242
0.9400049
3.0696059
12.8606617
0.1038081
35.9124919
66.6600378
10.6655681
10.6073700
5.9849144
3.9061851
20.4907627
13.7156109
0.5473936
1.3656610
13.3724372
3.6033565
5.2717142
2.4403465
2.8699211
34.3867247
4.8960108
39.1198319
11.5096553
14.1405751
15.5934280
7.9536987
26.5301728
22.1910402
53.8419460
13.9022554
10.1713008
9.2567739
11.1695186
2.1307776
1.8008871
0.5144444
10.0686170
12.3395945
17.0924206
29.1941425
42.3670060
40.3477559
60.0137510
39.9101287
24.6107384
13.6719300
30.9296340
15.3524869
12.9000541
15.5461967
34.8045350
47.9204100
51.1822589
59.1929053
30.8898886
5.3748400
60.9882440
72.8452354
59.1889959
73.9516057
58.0451915
79.9709447
63.6936730
61.3070758
85.7721492
35.3361243
69.2257709
72.3499847
72.1442341
58.9623063
44.8889906
80.8887919
65.6523824
65.6997939
37.2615460
27.8240683
40.2683841
15.1235136
28.8757325
28.3059737
15.5506138
16.3845356
20.5816625
10.4564016
12.0027521
4.5333434
6.9873140
8.3843324
7.7829281
4.3845688
14.3444506
34.7290812
38.8751674
63.5198543
56.1425148
33.4087955
36.4533098
15.2578239
13.1425835
10.0032014
6.4930843
6.3074075
5.0116110
12.4304078
1.0039102
5.3663399
11.3874219
5.0284266
8.7901507
0.2878146
10.0394735
11.3026001
5.3034221
17.9948449
11.5896505
8.8587749
11.7935540
10.0801900
10.9871482
6.4803648
14.8188483
8.6949159
7.4849271
7.5250331
11.4605778
3.3160435
2.1972531
9.8100929
7.2278702
5.4054770
9.7450804
12.9400380
7.1545901
4.8033985
4.6765081
4.0422480
0.0027309
11.4012597
20.1233637
17.0311242
14.7553647
10.3004743
13.3216932
16.3018048
3.1119458
13.8582491
14.2666275
20.0058906
25.8299659
12.6437951
17.7880372
8.5030265
5.9473931
12.2356028
7.3011575
10.9095433
15.3472564
6.4102566
9.9815000
26.5592272
12.9884109
15.7591902
12.9114657
8.2470752
5.4357180
21.2474265
7.6528402
9.9996615
12.2117351
9.2231517
8.6110617
17.6537659
9.0377942
19.9604150
6.3327329
7.9428428
25.0996757
11.2208470
11.8656364
15.6824241
9.6817701
13.2422385
15.4939884
4.2692760
7.4880170
4.4867334
7.6657377
7.6444801
1.5373074
4.4051402
2.0613694
5.7431700
2.2781296
11.5395215
1.2441509
2.8212303
0.4469255
3.9626281
8.2444987
0.1759888
0.2949961
0.2276579
2.1548103
2.0647869
2.8628140
1.6725412
1.5085934
2.8775495
0.0297259
4.3777890
3.0981582
1.5833286
1.4202502
3.6209237
3.7802749
1.0392233
6.6506131
1.8358064
3.8719797
4.9667894
3.1428081
1.0915276
1.9352230
1.1682374
4.1742276
0.0739834
3.1942444
2.6394723
3.3207327
4.6945205
3.7769305
3.0678850
6.0405176
0.5718234
0.2389564
3.2972904
14.8802197
4.4708328
14.4999014
9.0655424
5.3514096
23.6721535
12.0968795
15.5852006
10.6087012
13.4252850
8.6088749
16.6343177
11.1249197
18.8849060
15.8306504
25.8314453
25.9077971
14.6060068
18.5112099
14.1022536
23.5364355
2.4346672
27.4544321
9.9149113
16.9142374
11.6455307
14.4969544
15.0623891
14.0191568
13.2265456
15.6763198
13.8378748
22.4378127
21.0612975
16.8982065
7.9805650
15.6977593
8.1734718
14.9710106
6.7600486
8.3554456
9.7209651
8.3647995
6.8667817
13.0711076
7.2753812
8.5837268
7.8389837
2.6445835
18.4798025
0.4607250
7.7816063
6.9280227
4.5109907
6.2192564
5.3385251
1.0834665
2.2743798
3.8983198
3.4222034
8.4821241
5.8965827
1.4159197
17.5610416
35.1923771
15.3046145
4.3983205
2.4864720
12.8992700
1.3493268
8.8348503
5.4131167
7.8652407
11.3240289
5.5302024
14.3807507
15.4194364
20.4093451
16.9250312
22.5221904
18.0433005
24.0426579
23.5110069
26.1476785
27.6691648
15.9836958
22.7559577
9.5871579
22.6403929
20.4656968
20.7743981
31.2974945
30.0052074
27.6756153
25.8946164
33.6514121
27.9671264
25.4843479
29.7028198
26.6379108
20.6590187
15.4464247
2.2097015
1.2359076
1.8632830
11.6276978
8.9219178
6.6967193
14.1962428
17.1428471
12.8968986
16.1542967
22.3754023
19.6743038
6.1762282
19.6155074
11.0241299
15.2954412
1.9183789
3.7806766
1.3340740
1.6409356
3.2877641
12.8612974
0.3730521
13.5391811
16.0114028
27.4734749
17.2298260
34.0885811
14.4682652
20.5466773
7.8429235
4.6262367
0.8793357
4.6852072
8.3522394
4.1813584
15.0603431
0.8982255
20.1237549
10.0699482
10.9240256
17.8751911
9.8305288
19.1642936
5.1385851
26.7876575
14.0577740
14.1281728
19.7436071
18.5523933
21.9568195
25.9703728
27.8758253
39.2969959
35.0988346
29.3978159
36.6362817
45.4160711
38.7699474
30.0216528
36.2205413
36.2771011
25.8097553
40.1844563
35.5061991
38.9587916
32.8110986
33.3088919
19.3887142
11.7216438
11.6275545
8.4472854
0.6162908
19.2681922
7.1940644
24.6742108
1.1869687
21.0482142
25.9622679
1.4401024
10.7306116
19.6696325
27.9918778
19.8403841
12.5846343
6.1390341
4.4915497
2.0571555
9.4491828
6.9864862
5.5567198
13.6098319
20.2569966
12.8320500
8.6857727
21.7808820
0.7929704
4.0764420
1.8979116
15.5593389
2.7373670
3.9811713
5.8066245
8.6591527
2.6316861
10.2196932
0.8761772
1.8424779
1.6582120
4.8431395
3.4359741
12.3523142
4.9925184
6.9665179
8.0143079
7.0795625
4.5043627
3.4798731
2.8443877
7.7696002
8.7851341
7.5936136
9.6259818
20.4982887
17.9674333
8.0310305
18.6862641
24.0693606
24.1432101
10.6131905
7.4970873
25.3597919
26.5397669
34.0441829
24.2383008
28.5370113
23.0131626
25.9651530
37.6641042
21.6834117
27.4206895
24.7322158
22.1413388
28.6649646
32.0010694
26.4274854
27.6862713
23.8051420
29.1271537
37.7032687
36.2961009
25.5568306
36.2423182
26.6998712
36.5615515
14.8782946
33.6845014
30.1463675
39.7576535
30.8767374
25.5826155
25.7515549
26.9008186
25.3552253
23.4354412
28.3226085
17.4542019
17.1921558
13.8292093
26.3249125
9.7388996
21.3325764
9.8476133
18.9955394
8.8860465
22.0438566
7.1927874
13.8206950
8.2736911
3.4389925
16.8183391
2.0849331
22.2596101
7.5948211
12.1869465
15.9174800
4.8155301
12.7967691
21.6633710
5.2836730
14.8737610
0.2990394
7.9418124
9.7142650
5.7118097
8.0226573
3.1945389
9.7478587
13.1583706
26.6476903
4.3911890
14.8856800
1.3866880
13.4074553
3.4279104
4.4500916
14.3709068
39.0255378
40.9342212
43.7237869
27.9342471
13.0293737
20.5523080
28.8693665
0.4666154
2.0432325
2.4399947
2.3498186
13.1984134
1.9808288
3.8348396
4.5947012
7.5320088
1.3041368
1.3787830
1.1957122
5.7178685
7.3459645
4.8459912
5.5082305
1.9755202
5.3386097
12.3310471
10.7448337
3.8940617
18.4235012
6.6275777
13.6167496
11.0597696
10.6635406
1.5926248
5.0411020
5.0160610
2.5679790
4.3130905
13.3067119
0.2261968
11.3486160
22.2888269
7.9923765
6.6203163
7.3290031
1.5684001
10.5815759
9.4927625
17.5221014
7.5644011
13.4283083
4.2926768
11.6522012
13.7952581
12.5560114
2.5399454
8.4697130
3.0960952
11.2440074
12.2513440
15.1881636
11.3116724
12.6506225
14.0438674
16.8521300
13.5960642
13.0404903
10.4422177
14.3620466
3.7238781
9.5760328
6.8786480
3.8049482
0.5140161
4.0023253
17.4448253
3.4234155
0.7659968
7.8837559
0.3949269
11.6633162
2.1511099
3.2373876
3.9426412
3.9278106
7.9014122
8.3655310
7.9282797
2.3105746
10.0198785
2.5824206
11.2274777
1.6831867
5.2262170
2.7696385
5.7503545
6.8522285
1.6856270
10.0001988
10.3348070
8.1815554
8.2541314
20.5730301
13.1031809
6.1703994
8.0295401
9.8645795
8.4269230
5.0731959
9.2369170
11.6361408
8.6949032
11.5234431
16.8007562
16.4747120
9.7412256
18.3224911
13.3268645
12.5053721
7.7507404
5.4361509
0.0160924
5.9652269
12.3694941
9.3818826
3.5050593
3.1555091
1.1711521
2.5316729
4.4691464
0.7315053
4.2776241
3.7224235
10.7353027
6.3559543
7.7337826
3.8493620
0.7915015
2.8760993
0.0690419
4.1438469
8.2364315
3.4714816
2.3943781
0.7332401
0.6722790
0.9215391
3.3635176
2.6501364
0.5001106
3.1134128
7.6808286
7.4867690
0.3651224
8.2029571
4.1802799
8.9811431
2.1195098
2.0037949
4.8200028
7.4051075
8.9388198
3.4398313
2.6177472
6.0458150
6.8706624
1.9385438
3.7772980
2.5658664
0.6639430
2.7927991
3.2514454
4.3460411
3.8339194
8.7186635
10.5696491
16.4225826
29.8673868
8.4947359
39.9732207
61.6970170
5.0269860
14.3518628
2.5468646
7.8333088
4.9491333
2.5803960
5.2167703
7.9518873
9.0710763
4.7214706
8.4042185
7.5759946
7.9328875
7.3056587
5.1467224
10.5300366
4.2578655
5.3096256
2.3147181
7.8693422
4.2449110
4.0748323
0.4047172
4.4428061
3.3964157
1.3373532
6.6051576
3.9917693
0.1816877
3.2431964
3.0381839
5.0204308
4.3955819
1.2754988
3.5770681
2.8653682
4.8720645
4.4453920
6.1444180
5.3286178
3.2634753
5.5944371
2.9874825
2.9772021
3.4880466
0.6734944
3.0971292
2.7681094
4.1522228
3.3600490
3.3537411
5.9016084
2.0319772
3.0287496
3.4834548
1.7801611
0.3872974
0.8804907
35.2336720
0.8128661
2.6799629
4.4799111
5.0741515
1.3459445
1.8615490
0.2414394
0.4736449
2.9187718
11.3395766
3.6758415
3.2242704
4.7221438
0.6776499
3.5896124
1.5200149
0.9224594
2.5203669
3.9410755
2.5835295
26.3885658
2.7769726
3.0644242
3.6389669
1.7568497
0.9562652
96.6293476
13.6099283
1.9982824
4.7932802
1.3083991
1.4095071
14.3616033
2.3875790
1.2807279
1.9061778
0.2330686
3.5726798
1.5934230
2.5070118
0.5372435
2.4025751
1.1936859
1.7040479
4.2154512
0.5209164
0.4939693
0.4038124
3.4757661
4.4319814
0.0657245
3.9282279
3.2921256
0.1882648
3.7907640
0.2156362
3.6328360
1.4076347
2.1348195
4.3929470
2.2837715
2.3658505
3.9680791
2.3603858
1.8573465
4.9978819
0.8644024
2.2509550
7.1112232
0.5096817
5.5779991
3.3140685
5.3975044
3.6075461
5.1169468
6.1612972
5.5498822
4.5202373
2.5935281
5.8773238
2.2793133
4.9350136
2.2494614
0.1994829
1.2375017
2.8500597
3.8288402
1.7696644
1.2734213
0.9824092
3.0535656
5.1662008
3.8782210
5.4809407
6.9196774
3.5963746
7.1472063
9.7540506
9.5638516
8.7438651
6.5307814
3.1674011
1.5248050
4.4917514
3.9084856
3.6433607
0.6990128
0.1173094
1.0719385
0.4881391
3.8002508
0.5453131
3.6674342
0.8600832
1.0257528
2.5800411
1.0654298
6.2527535
2.2655164
6.4916830
3.3224648
3.0195773
6.2273718
3.8727458
3.2649528
5.3458453
7.0452153
9.0473195
9.3872231
6.8812320
5.0714352
5.4250807
3.6603836
12.5415260
6.3149775
11.2636379
10.0291895
1.1309748
6.4751202
10.7738813
8.8859309
0.5852032
116.1381340
5.4484389
4.8531538
9.8581766
13.2562414
6.2489256
7.2162467
13.8956082
12.5167996
3.0582798
7.6205836
5.5446454
3.8166770
3.0874237
4.9753340
3.0618655
3.1421752
3.0174496
5.0458449
2.1424022
2.8585814
1.3824730
0.8657059
18.2810867
1.8371161
0.9435120
2.5676759
0.3638274
2.7896243
0.1704188
2.2218421
3.9496668
0.6260530
17.6823300
1.0295661
23.1514349
0.9357688
0.3637033
0.4693929
2.3844714
1.8150779
0.6866665
0.7456900
0.1943539
1.6703673
0.4613488
4.6363034
0.5643241
2.4385852
1.1770476
0.0087347
1.8717310
0.5409924
1.8431268
0.0647804
0.9540124
2.2253479
3.0361861
1.7220426
0.4005849
3.3112759
3.9033706
0.9149171
0.7025057
2.2964961
2.8353089
5.0846383
2.6239154
1.1599400
1.1507598
27.9498595
6.2654407
6.2009752
5.8041967
8.8029426
9.4178453
6.1739695
8.6583375
6.8177422
6.8484820
0.7897441
5.4745129
4.0127517
6.4017524
4.5584878
1.4215253
3.4352296
0.7424104
4.2421781
3.9019112
0.5170741
1.6629919
0.0690191
0.6903231
0.1016069
2.5374154
0.1739717
0.5080622
1.9906107
0.0135376
0.6642045
1.3758014
0.3164018
0.5875634
1.5236573
3.9568743
4.0577048
0.2957147
3.6019215
1.9602903
1.3501738
4.1049666
1.7911059
3.3075520
4.4901802
0.2138146
0.8927940
2.1663868
3.7644631
3.3293189
2.5698118
1.1188726
2.3578760
17.2184789
23.8551593
3.5881797
1.0884385
69.0640252
45.4652177
85.2423649
37.6447118
73.3713507
8.4487670
0.5627266
5.5328627
7.2331621
6.3193557
42.8830027
1.1615316
50.7326527
6.0766868
7.0057837
8.1073917
4.4786103
3.7558040
0.6989916
1.0421783
3.1221097
5.2566466
1.7762569
4.4249584
1.5739735
0.0539804
177.4632727
1.3706666
2.8250782
4.2378682
1.0979718
0.5112722
7.9274253
6.5790192
131.3130274
175.4508678
30.9654902
178.1473018
172.6151894
176.5080218
10.8666821
175.2022262
0.6564558
7.2956847
0.4504327
0.9047248
3.8724436
7.7365374
1.9089012
5.5309553
13.4011847
179.1381214
176.1060165
178.0492780
177.7916094
179.5692930
177.4954205
178.4708754
0.1561958
176.4792639
6.5728453
4.2985745
2.9262782
4.9017484
7.9833044
3.7319367
0.7814316
0.2202781
120.0112239
0.5248751
0.1523409
0.5718371
0.9344089
1.2527184
0.6191221
0.8098025
1.2334613
0.6422227
4.1320771
0.5357434
1.9497214
1.6939550
8.6483816
2.0761800
3.0730726
0.8542410
2.1884858
17.6634364
1.7406879
5.6090690
3.7279054
8.6253480
3.4978297
35.5702930
4.8004908
53.7315205
4.1176306
27.8302476
7.6749072
1.9063807
4.5302187
9.1909366
4.1848375
9.6541066
2.9163224
137.4549432
0.5440150
3.2797167
1.4460466
3.9378841
1.6173254
1.5925799
3.3234771
0.8720278
0.6755108
0.5612249
0.7377562
5.8146045
2.1696273
0.7789450
2.6662137
1.9586915
2.8402094
2.0221853
1.1194842
5.3381852
0.5256846
4.0646714
5.6615528
3.5190243
5.4141027
0.3554603
7.2464117
7.4687441
4.0756975
2.6816039
2.4927600
3.6596551
10.1162118
6.5818457
10.3301810
1.9331942
142.8202922
7.2160415
4.9328388
1.6631227
7.9764821
5.5631671
3.0095681
1.2104964
3.4861241
2.4774295
1.2766257
1.6361517
2.9439965
0.6282579
0.5469719
4.3060100
6.7613437
5.8163137
6.8829145
9.3261351
10.8039629
7.7136511
10.7580655
15.4386513
10.3296846
12.2685097
14.5800304
7.3447795
1.5181365
4.9250100
3.6376202
1.8374981
0.3274381
0.7887989
1.9141583
3.6835456
2.7074688
0.3699557
4.5337708
1.2707712
0.9853408
0.1299042
6.4213456
32.0278580
11.0263254
49.7838635
0.6980944
23.2551136
51.3291812
1.1308471
0.9356347
57.8181595
16.4521339
24.0521858
29.4617981
43.8427309
0.1049990
4.9436538
1.4258479
1.7882317
26.4998267
2.9023094
0.5748368
0.7265771
1.2103425
2.2836153
1.0276553
4.7714451
8.2905731
4.5192373
6.0719554
12.5017613
10.3983667
9.9260352
7.6300861
10.0307572
7.1845694
8.8507964
8.3755888
10.0604488
6.6134384
8.0856576
9.8916937
6.5414411
5.9869525
5.6467564
5.7788111
4.5809188
4.0906136
3.8926407
2.2241680
3.0003960
2.7214056
4.4052675
1.8227089
1.3486051
5.9779279
4.8658832
6.6537510
5.3958113
8.2262702
8.6639002
8.7714494
6.2317584
8.2824524
5.2216520
9.2479901
8.0955462
6.7070447
7.2239784
6.4271728
6.8182750
4.9811901
5.1078281
1.7362954
3.1535829
1.7228282
2.2749702
2.7543476
3.4524139
4.1066448
2.1240264
0.9641026
1.3539625
2.0829088
3.1323962
2.0940732
4.3242775
1.4398361
16.7399414
0.1413665
0.8534322
2.1606377
3.2348347
0.8045310
2.7731441
0.9284764
0.2557607
0.6969727
0.9273841
0.3884052
2.3943194
0.9898584
0.4604719
2.7346223
0.8852031
6.1534970
2.9406316
8.7365893
1.9507996
1.4029180
5.3189352
2.6953141
2.6252580
0.2849625
1.5605934
1.1168004
0.1624224
0.6533792
1.5365148
0.9452868
0.7618579
1.2658703
0.8835616
2.6692562
2.3417862
3.3318690
1.5083453
0.5551931
0.1494806
1.7010580
1.0963143
4.0638648
0.2636693
0.4107370
2.4036146
6.1883618
2.4606547
4.6260518
1.4270241
2.8193268
3.1595828
1.8004743
0.8865282
3.0031146
2.6733533
1.3550105
3.3311658
0.5349181
2.2019943
0.5266811
1.3125356
0.7453788
2.9561714
3.7018267
1.1825090
2.9577563
2.5979536
2.0610727
2.2939521
2.8689052
3.5705220
3.2367864
2.5094524
0.5706178
0.6800067
0.5330317
1.3699770
3.2016057
0.8897164
0.4252796
3.3902349
2.3988650
1.9066233
1.5655008
3.2277600
3.2782177
3.1488764
0.6876517
2.8083809
1.2640114
2.1207358
0.4898857
2.0592630
1.6426089
1.0642774
0.8219643
3.0066707
1.0415195
2.7730071
7.5571072
2.6396804
6.9428482
1.0117610
1.7302890
2.1728057
2.5992104
3.7403026
2.6197614
18.2118574
6.9418337
5.0896646
7.4268516
6.7776100
7.2680104
5.6434213
5.8126357
5.8210935
6.9720195
6.4040779
5.8088125
7.0929814
5.4891508
6.2477169
3.3312733
6.9098848
5.0143616
5.3530692
1.7065286
5.1617060
3.4394550
1.8360999
2.3778414
2.8181047
17.3009489
0.8412197
1.1750020
5.3057280
7.0257997
4.1749915
9.1660581
10.7807674
4.8736661
10.8451313
6.5643472
5.4479847
4.8880222
11.7059948
6.0806904
3.7738149
1.7970104
3.3440648
1.3655709
0.7608289
2.3518304
2.3287083
1.0062347
1.7046634
1.3990253
4.3086961
4.4957411
0.4344117
2.3447777
3.0623242
9.9205005
168.7000687
4.0210886
28.0958740
0.8719782
2.6507054
1.8316878
0.5625688
0.3921297
0.7855748
0.9014305
6.3108803
0.9861655
2.2052264
3.6100716
4.9821484
5.7820117
6.0766579
5.0153541
6.8584201
6.9937663
3.5012185
8.8155576
9.3629638
9.0775420
8.2383940
16.4001040
15.2154544
11.5504841
13.9490727
8.8838958
7.1499606
12.7617680
8.7229435
6.9122097
5.1254713
8.2657925
4.8112667
3.6908242
5.4319519
0.1823410
3.3291148
5.3383332
9.1154503
10.0447604
9.0204642
10.2620730
9.9897040
6.2438006
18.0527738
12.5530891
11.0413557
11.1355042
11.3124117
16.8383454
2.3752427
3.9561850
0.0232747
5.0811599
2.8005035
160.7072696
4.8521352
160.8939165
28.0516307
161.2248281
0.4047119
155.6968573
160.7606138
8.8016086
158.2209286
10.4412056
7.8279321
14.9830784
12.7691447
139.2047305
12.6492867
156.6400467
14.4766962
9.4787110
12.2327653
9.0796931
7.0265197
4.9090179
5.3311586
165.2491743
13.0215155
10.4048184
13.4468218
9.9730289
12.2546809
18.2068718
17.5387795
14.7855958
10.0978781
15.0105843
15.1176398
11.0962122
9.8815578
9.7028003
0.5610583
11.1328794
6.9468218
7.4621747
4.5590319
5.9632999
5.9869914
6.5006466
10.0643509
5.8733813
6.7073579
3.5137061
6.5119172
5.1366360
7.5923006
4.3824282
6.3830461
6.3992501
8.7376053
5.4348556
5.9124259
4.5761345
1.8870578
3.5624411
0.5087606
6.1919685
1.3505434
3.1220895
2.7967009
5.3300032
6.2385996
6.1804004
6.4081323
6.4615623
13.8475198
3.9283728
7.6806677
8.5264609
9.0421291
8.4825551
9.3535959
5.8336608
7.2066024
6.8965582
9.8453692
10.1210759
7.8812888
7.1096284
8.8778502
10.2931389
11.4142309
9.7740479
7.2851474
7.9927621
4.4847715
10.6318621
7.9955011
2.8293069
7.4025447
7.1992991
6.5331118
5.1141999
1.5357308
6.9383523
6.6597512
3.2521082
4.2910042
8.7547434
3.1955609
8.6134432
4.7949423
8.0117023
1.3874333
4.8139990
1.9484679
1.2187347
3.8973204
4.0910730
2.6215850
1.8805665
3.7670869
2.4724576
4.6434329
1.0586656
1.9034102
3.1869616
3.9775059
2.1073237
3.6991140
1.2437309
0.1242658
2.0031538
0.0161149
6.4058237
0.2663000
3.5742200
3.9875907
25.6817386
3.8659090
170.7118556
2.2970878
0.4090767
162.5007522
5.6508615
121.6752608
0.2364740
10.8283543
2.1389298
7.0868748
2.7603133
4.0019823
3.9213443
0.6352618
4.6841447
1.8038582
7.0737317
6.0449403
4.6801941
6.2145111
3.2724404
3.2303703
5.2468580
6.2725753
3.0136346
1.8240332
3.2692735
4.5824283
1.8426782
4.4734514
5.8701215
2.9768216
1.2201725
0.6803863
2.8930659
1.1879385
4.9064011
2.1609655
3.4763267
1.5943472
0.3958864
0.0193715
3.1511665
12.8420550
161.0689096
160.7098289
164.0790419
163.8866192
166.1047844
162.0304753
149.9201435
144.2225520
0.3364988
1.5195831
3.7928209
0.6081950
1.8327818
2.6888060
2.7824500
5.2114902
7.8764095
9.1788868
9.5209266
14.3316570
9.0492451
12.2502687
10.9453310
6.9483489
4.1937393
8.4995464
4.8336578
6.8386482
6.4110702
4.8260561
3.5753586
5.1331142
1.6778282
5.1628415
6.0201860
7.6170913
4.2400865
2.4153906
1.4596229
1.7935174
0.1466820
0.7184815
1.1045351
1.0152471
1.5215881
2.8951296
0.3685628
1.7268352
3.8299309
1.2842571
0.8598328
2.8253842
4.2126077
6.3900483
3.3834947
0.4921085
1.2438591
1.6113477
20.5800145
0.7531445
0.8197882
2.7768442
0.6747687
3.5507255
2.2939759
1.8381605
0.8479520
3.6196564
0.8349151
1.0113844
3.5116473
0.7094889
1.8687494
8.0192511
3.9651304
3.1942769
4.4935703
4.4428264
8.1204170
4.7483265
7.3859895
6.6016404
7.3108520
8.8404978
10.3340880
6.1130388
3.1363743
6.8296430
0.6222462
2.3944857
1.2128682
2.3853821
0.3780688
3.3074263
0.4468954
2.7485100
0.0881831
2.1082059
1.4760876
2.7210090
2.9937150
1.6635292
3.6324078
5.7983940
1.6322587
4.0138971
3.2770889
1.2167376
7.3741509
3.0223009
11.3886161
4.2574320
5.4129576
6.1646815
6.1009075
4.7984187
6.3465917
4.4963052
5.5862097
5.1418343
4.1497445
2.1783000
5.1698288
4.9992892
2.5046395
6.1514558
3.4057599
2.3442693
3.8874416
2.9478129
3.2147163
3.1995816
1.7740226
6.2850660
0.3494233
169.6717533
1.2621831
2.1411178
2.3704387
2.3255866
2.8240877
3.6730005
2.1666751
4.9896808
1.2098017
5.0427514
1.2652965
3.2739362
3.9047491
2.8853516
1.6680178
2.5605927
0.1363763
1.4807697
2.8782692
2.6188389
0.0399345
0.4571977
0.7912836
1.4802842
2.5562969
1.5218404
2.7935142
1.4004311
0.6138310
2.0752103
1.6671839
1.3846876
1.0934161
1.6242633
0.6378939
0.8143027
5.1020312
0.6444010
0.4319510
5.1470924
1.2436663
2.1528109
2.7912645
0.4036732
1.7927911
2.2151661
4.6197624
3.2622996
3.9733616
0.2998332
2.4335186
1.0669790
1.1987220
1.5309503
3.0349755
2.6291395
6.9853154
4.7508049
6.0784917
7.7886324
24.9158125
4.6375877
3.5356009
0.1480359
3.0908864
3.7293482
2.2242224
3.5727545
6.0115717
4.6954725
2.5549093
2.4988641
4.5324982
0.1132906
1.9469921
0.6836085
0.1853820
1.9681958
1.7481222
1.2414486
2.7442323
1.5426063
3.1465156
5.9264518
1.6544244
0.0043998
2.3736413
1.0921711
3.2811588
2.1734668
3.6223858
5.5284650
4.7586829
5.2907460
2.5701377
3.7035730
5.9276225
8.6910774
4.9734840
7.8371881
1.9661378
2.0227778
3.0627824
3.2761504
4.3623555
5.2499939
0.9758029
1.0955350
2.6620081
2.4816194
4.5904669
4.4112117
6.1849690
4.1590353
3.5724649
4.3555243
9.6629228
0.3762453
0.3314277
0.4038241
0.5267851
0.1603016
2.1671034
1.6148745
3.0216477
1.8078894
0.9214705
0.9456065
0.0927339
2.2000403
25.9664121
0.0135952
1.6939285
1.6172626
1.5692463
0.3675576
0.4296388
1.9158197
1.4950281
0.2869708
1.7964363
1.0112418
2.0560095
0.5653790
7.1852694
7.9420972
12.7980445
12.7441092
7.0254657
11.7755840
10.2132282
11.8682115
16.0611942
10.5102680
8.3507159
10.0748968
11.0422335
7.9260588
8.5293017
7.8337619
9.7633343
5.5922782
6.2094755
6.3583575
5.2726163
7.9854371
8.9613954
7.3186802
8.5454347
1.8424746
7.6626448
10.7779568
6.7744684
10.4427368
68.0629258
12.1991410
14.0105186
12.6603902
14.2518075
10.4237649
20.0748145
11.3365133
13.8896487
8.2877873
8.1330680
5.2553129
5.0633406
7.2628048
5.8504679
4.3928955
4.2728039
4.3027815
1.2638187
0.9115307
1.6680850
4.0677278
2.0748749
4.4841651
4.1541140
6.6614703
160.6036391
171.3972024
159.9379040
7.0880890
161.0661768
164.4443787
0.0896835
0.1861521
1.5876536
1.9246828
0.8550077
4.8867904
1.0619652
0.5128524
1.4348554
7.6529469
4.1953917
0.7826128
0.1290480
5.4783010
3.6026379
1.3975003
5.2427115
167.5634650
171.4185172
59.6884037
165.1984714
1.4273133
163.6578925
167.6247341
1.8094117
159.4537961
164.5231263
156.9360442
159.2289089
160.7867040
5.4236476
5.0890888
18.2846022
4.0069174
15.2617990
2.6342316
26.1308526
0.1012381
2.5861942
4.0962207
0.8737549
145.9883163
168.6980449
4.2476459
164.6977688
162.6746318
2.0484692
1.3309907
7.6634115
3.6781600
6.8659679
44.3432964
6.3066392
2.9505434
162.1323679
10.4571123
16.6551523
3.9969201
37.7636872
3.9882793
6.5343928
159.2730946
5.7047956
6.6547141
19.4860271
9.4149716
0.7080386
158.3934229
1.5124254
14.1338972
164.8936241
150.9331219
2.3772966
3.0383867
3.0617495
1.1340551
135.9371679
67.6011901
3.0013496
7.1989961
160.1586237
158.2188419
159.6271621
156.7672373
6.0411264
1.9035710
159.9470246
2.8275054
162.1262630
2.5328968
2.6329028
5.2964149
2.6245294
0.8249337
0.7413760
22.4506623
17.2327386
5.7974304
5.1721588
6.5149144
9.4737253
161.5477936
1.5663517
39.4163474
172.9988972
154.8051858
154.2689340
0.2589492
34.2170753
178.2496526
49.5423301
17.8225063
16.3831779
162.2095553
169.7612021
28.2686009
158.7195483
159.1257891
153.3594156
157.8938223
8.4675438
158.6154793
8.0725415
5.7455375
2.8855336
161.9082381
6.0011703
9.6646011
2.0410144
4.7848933
7.1031494
6.4742362
5.2457428
24.8661782
11.0997237
12.1331597
43.9865738
6.5972795
7.8449858
160.0313289
16.2904915
156.2381960
6.0982050
157.8067854
165.0806859
166.1466536
161.6370843
158.5713353
0.7136846
165.0171204
4.0058910
158.9180541
155.0239240
156.7007264
159.4622595
157.3899292
157.8433745
160.1434271
12.3513979
163.1554908
7.8135671
158.2326073
156.7567382
3.5558688
5.9838745
153.6492321
157.7933641
9.6560270
154.6711300
154.5318032
155.0556449
153.5928863
155.5994260
147.7094874
149.4509542
155.5206628
151.9331511
158.3162862
101.1779047
10.8127285
7.7796243
1.1504382
17.3989908
10.0245059
5.8851626
10.1428346
3.3480916
2.3500604
4.5288105
2.0595082
176.5275411
0.4326591
0.7511087
2.4985865
6.3791944
4.4648230
1.9454901
2.4150479
0.5005674
2.3090144
0.7547293
2.6111857
0.6672318
1.2606319
0.9880258
0.2821847
3.1080842
1.2559918
1.1240789
2.9922784
0.8131730
0.4565538
2.6048647
0.2670720
1.9832158
0.9081432
4.0973787
2.6642510
3.1153273
0.4673550
4.7691046
12.3754091
1.8969968
2.2416530
2.3457018
14.1711775
11.7510944
5.8883297
6.1031392
7.5804573
3.9803412
6.5089098
5.4451073
154.8240435
6.1909687
4.4734487
6.4227397
0.8485049
0.8319159
0.4739483
1.9108751
2.4940994
2.2062327
0.3287910
2.7607541
2.2627510
1.0925299
3.3639646
3.2163060
6.3045042
3.3146463
6.2570932
4.7663786
5.3210135
4.4006743
3.3225098
4.4558356
2.7810112
2.7916221
0.7129316
2.2290300
5.6133826
3.4571299
1.2940733
3.3142808
2.5648589
1.7838181
2.0286570
6.0807372
5.5441235
4.0397029
1.7600821
0.8967538
3.1385833
1.0668307
6.7556689
4.5807204
0.0380625
0.3755095
2.4430187
4.3754797
0.3670779
143.4153411
16.1304730
1.6195392
6.6046276
0.3818355
21.4229037
1.0509946
8.9257249
7.7625925
8.6104617
20.3897666
13.1436582
20.9909942
12.7282583
17.8761761
6.5946906
11.1504977
50.0176399
34.0434383
119.0170733
9.7986060
28.5961514
35.8781975
48.4790334
34.3625816
17.6821005
38.7518541
2.4321728
4.4921355
6.2700294
3.0622331
9.4356250
32.0678678
30.1903697
20.3132808
14.8021477
26.1311872
157.1839833
98.6323945
88.6833410
45.4230931
49.9066618
21.9947857
39.9730293
19.8073836
7.8483618
26.9888139
38.4070819
77.6508421
28.2714407
30.8767314
18.6313766
58.4320272
20.3174960
25.4379935
28.3561223
30.3326211
12.8280193
13.4255778
15.0850709
59.0770202
32.5656532
26.2583727
6.7177389
64.3254807
34.1570923
49.4591434
25.6193203
63.4344168
37.8604418
51.6989910
27.5573358
50.8648818
8.4957364
29.7062157
23.2100247
38.7454943
14.8902993
8.9726757
19.9464827
19.3045472
68.3488260
27.3007050
43.1467521
2.5523651
13.5807914
40.4690366
1.8147929
23.8625844
23.0169880
39.5646075
49.3977722
49.3366682
30.7409014
41.4612140
24.2274410
6.7457561
13.9885180
15.2434397
10.3592682
41.0069770
57.7756477
51.0011525
36.1127642
49.7293204
53.0235961
38.8026206
46.9670839
46.7970965
39.8411252
44.8347870
38.9025805
40.8650565
37.8491388
37.2088628
21.8645681
0.0011346
18.1878197
13.6396040
12.8268090
36.2171835
2.6046281
16.2756494
7.5438756
15.7526268
1.2076796
16.8556459
38.1590927
2.2404649
55.9290343
50.1233526
56.4666499
55.4989561
58.8515856
55.6396744
55.7716410
58.7076221
33.1005134
64.6182484
63.5259391
106.9837914
110.1515821
111.4434250
60.8552845
67.1494474
68.6292793
70.5440616
63.2692376
79.0312279
67.7623088
72.8567648
68.6261623
78.8339243
77.0480276
111.9941939
108.8574318
112.1804184
77.7267505
54.6401823
62.0287458
15.8357101
15.5586310
17.6457807
9.6750157
19.4854792
13.7747966
37.7312548
39.1993013
13.2616927
37.1119949
28.9156654
46.7048158
8.8043394
5.0105669
31.8754888
1.8805967
14.9671826
14.9955961
29.4730976
11.5003550
14.9335833
30.2662590
29.0456347
23.0289709
26.7267563
23.9320501
20.9032365
21.8653080
8.4430073
16.8977752
4.8445198
18.0870066
17.8197990
8.2689046
34.2781548
14.1014057
25.2740703
29.5854149
30.2871504
30.3170945
38.0996585
28.5470211
41.0013253
33.1605336
51.2351564
102.6868392
62.5157551
28.8988072
31.6769906
63.4700233
103.9716527
101.7159239
99.3565762
102.1946257
117.8429342
176.1595338
165.5478189
163.6734064
153.3879193
137.3080301
151.4935959
157.2761859
144.9805892
114.6310764
31.1796777
21.8572619
12.6659750
10.4236423
12.5353634
15.2637334
11.4693107
7.8930448
0.4331189
5.1562539
5.5380853
40.7457375
5.5611388
9.4166864
30.7064614
26.2097358
32.3187411
33.0699489
15.1574868
39.7797297
16.8939506
30.3588004
33.2652426
22.3596009
7.1147712
49.7651866
75.1757228
25.2507010
2.1558591
30.1135487
25.3771840
24.4383395
3.0012893
11.9178128
7.3992817
1.5236792
12.9460535
15.7137158
23.2184188
12.8164544
2.4590252
18.3169353
4.5390303
6.2077741
6.4395689
3.3857050
1.9745977
11.9869772
8.4126841
7.1672639
8.7129094
7.7706077
2.1451431
3.3738968
8.8783076
4.8507051
8.4834554
4.2481484
15.7548213
15.9595764
4.1749227
12.5052185
0.7461905
3.6839022
3.5693212
5.2168487
9.3716698
5.9362137
6.5701838
9.3870607
9.7172417
12.7859975
8.7727171
5.9646875
5.6076031
7.5210085
6.3710580
8.4328008
5.0403780
2.4529536
3.8320553
6.8435116
8.7837459
5.3092388
1.5520919
8.9460107
14.0125591
8.0318348
0.6935092
15.0198221
15.7114983
3.3500585
14.6907217
14.7155295
4.8747166
27.2146106
5.1813891
0.5088694
0.5592351
18.4318028
12.1389243
1.8149629
11.1621149
9.6653902
10.8868902
14.8554004
9.2908626
6.3939955
9.8172290
6.5277442
10.0522832
7.1173710
7.9202391
7.5301431
9.2717227
1.9538517
5.6346099
5.4987740
4.8650148
3.2073489
4.8219680
7.2490434
1.1343584
4.2134558
37.9447108
4.4625615
3.0585717
0.3707321
1.5806710
2.7702174
2.2504527
18.9335267
3.1608140
10.8407797
1.9493365
9.3690621
9.2090272
22.7438002
11.4021687
32.4905967
14.3418330
14.6407151
14.5511700
25.2634057
17.3345770
71.6361078
14.9534348
5.3379160
5.1925321
2.0228960
7.5114183
10.8940166
22.6908899
3.8943996
4.2468487
4.0694756
1.8958150
18.8370440
9.2519099
2.0236916
5.8742151
0.9650968
4.7109844
0.3477749
6.2994405
10.0420161
28.9902057
4.4601333
24.1344317
47.3665913
21.6162593
3.6468840
36.0627882
3.8620573
60.3702225
38.8520287
23.8492097
30.0618538
62.4196915
62.5587309
60.7580019
12.5153704
60.7291352
15.7884940
15.5517645
3.4779256
8.0771749
8.9214785
1.5425831
9.4147257
2.5648159
4.2102072
2.3399830
38.2140247
37.8335597
6.8512741
4.4270153
28.0045448
14.5466184
21.0127003
17.0622247
22.5000638
9.5952153
15.8944768
48.6568470
15.2468459
0.7920658
26.8523028
20.2239586
4.4851292
5.2810811
44.9203352
48.1046642
39.4648968
47.2501444
40.5995503
49.1092469
39.9661167
40.0210667
42.0364535
62.5733356
43.6203950
44.1006371
49.3802847
35.9157410
34.2570715
35.5416966
33.1331647
33.2175317
35.6232301
30.4101560
32.3718223
34.1696971
25.0782596
38.9675227
31.4216563
39.8816166
32.5327217
5.8552663
30.8907547
18.5366803
31.7923209
31.4680530
43.6447797
10.5175083
30.2848185
33.6338463
77.2484218
46.9068854
17.7669913
15.6987262
39.0189657
1.9407766
30.9712326
23.3161459
36.7093468
31.5014459
39.0161220
47.2202079
38.1917374
30.6018554
31.6160725
33.2061551
39.1659512
25.7604196
30.2353045
36.1693828
32.6402994
37.3609820
33.9665642
37.3285613
38.5488118
40.7050752
40.4845185
40.9301284
37.1443396
38.3452808
32.2979789
33.0993078
50.3323436
32.0367741
25.0632551
34.4435895
19.3791241
124.3483594
6.2108024
31.7062653
37.0988566
39.1804988
44.1422635
41.7996444
42.0444630
39.6069753
42.0246634
39.5809719
12.5735906
40.5001375
41.1016474
42.2559538
41.1782455
43.6531743
42.7148292
44.2137679
47.2463895
44.6893208
46.0930681
44.4609955
45.9117445
44.8340653
45.5081526
46.5014571
43.0540645
42.9588830
42.4658428
44.8015733
42.8074155
43.9941227
15.2905531
44.3387734
49.6503690
45.8364327
45.6906153
48.6226069
46.3222961
45.8205694
42.0693005
12.0466159
39.5605625
32.2001823
41.2631199
43.7438558
43.2253453
46.3628541
45.0719986
42.6032486
44.9943439
47.8241361
45.8937574
44.4303950
51.1770079
32.8070054
46.1618650
2.6432526
44.5453853
53.8191099
54.4796835
53.7065321
50.0375394
50.8046508
50.1439044
66.5555229
47.2184252
90.3665803
25.2466866
49.9963947
42.8391445
40.3828734
35.9991326
35.7067713
30.5003742
32.8542914
30.3864769
0.1940536
16.5690612
21.2123845
21.7677544
22.6171217
12.8040051
21.7917838
16.5445753
21.1495767
16.6417537
17.1719959
19.7616107
20.1425438
11.1364667
14.4613371
11.7049643
8.6151364
1.5050253
1.6537647
10.7700068
13.5205046
65.6065677
47.7907568
64.7491964
64.5966347
66.1360240
68.3493573
58.7581173
12.1579942
53.9467044
4.2055362
2.1765031
8.2805591
12.4919276
0.4495924
1.7891723
39.6179358
7.6215977
63.4988924
62.4156955
64.4886094
55.4526798
30.4487254
11.6114770
4.5840548
10.2154477
3.0217036
2.5430984
1.7256700
7.3869724
4.4268008
5.5940070
6.9398171
6.6376538
1.7593998
25.7126194
39.0947662
66.6921066
6.8380387
35.1287685
19.6646946
3.7424817
3.8703447
6.0508767
4.1965082
0.2914366
9.1764352
0.6797769
5.5577150
7.5905109
10.4239354
15.3023531
2.1297664
12.6341199
7.8341319
11.3720160
14.7373758
17.2102198
9.9792379
31.8859378
11.0394608
13.4871299
9.9837916
10.6550257
3.6564342
9.8667080
7.0901495
10.3335322
12.1165224
14.2194251
12.0556840
11.0434573
12.5625208
10.3538949
3.5635871
3.9685616
14.3673631
7.5941597
6.4105265
9.3399366
12.6186771
12.1407940
15.5081532
16.1483820
16.2311601
14.4971881
14.2419247
22.5017894
20.5250890
16.1925454
18.4292184
19.6567075
24.7962204
8.9785206
26.5568388
8.5849362
13.1578192
12.5699149
13.2809735
13.1783644
15.2189885
21.1773690
14.4940981
18.4571093
11.8389513
14.8693035
21.1610206
10.7996654
17.8136146
17.5892741
11.7113176
12.1281090
9.8063175
10.9531829
4.0626831
6.6109878
8.0468880
10.6873331
9.3247129
9.8470739
5.0884725
5.8089451
2.6255390
6.8988789
13.3415153
1.1087257
16.2598517
17.4210384
11.7133197
0.0672684
15.5707494
6.7052725
49.6095242
10.9821103
12.0295902
3.6471889
8.2000579
2.4420794
2.8723279
1.2228044
2.4323804
5.7619132
0.3636810
6.9283728
4.2939156
0.4373653
4.7340559
3.2886505
4.8353446
2.7584333
48.0457027
7.7448677
10.0089850
13.2067353
13.0678619
11.6290471
14.1546805
9.1174822
8.3563292
3.2843093
10.8025080
12.2320326
13.6804211
3.5693307
12.9598648
12.7306060
13.3025264
14.7225969
14.8754403
21.0500456
16.1487510
17.6514393
11.4318379
12.4497635
14.2241435
17.4427113
20.5630145
18.0802241
19.1379032
17.0953216
21.0748312
12.9269910
17.8059515
17.2135905
16.3971218
16.8065778
15.0993462
15.5447418
16.9670734
14.8755521
11.5257800
8.7391047
13.0577271
16.0744295
6.4979673
14.5432616
18.8047294
7.8824899
19.7020861
17.2740017
18.3650921
18.3487391
17.0224124
16.8791595
22.3964697
15.7287581
16.1046951
15.7869392
10.6172698
22.6994212
12.7556422
11.4119650
14.0825633
5.4478109
18.5524243
21.6416283
14.4129883
14.2484562
11.7664394
16.7887829
18.0496359
11.6850365
13.9596126
12.0848096
18.2506074
16.7468734
12.9184633
17.4969325
17.6703625
13.6842586
17.3537526
14.9449419
13.7539617
18.9693034
6.9248444
15.5701799
9.9883115
14.1944518
13.7595845
1.2629552
9.7772780
17.7113962
9.8531327
4.6957286
57.4564570
10.5381844
7.9850634
11.3547951
8.7068971
5.8186276
7.2974051
11.0408735
3.6798367
5.4314191
13.6926395
4.3045859
13.2538778
3.1638400
5.4126944
4.9225230
4.4494410
2.3474861
5.5740431
7.5934548
1.3097451
4.5455306
9.7840826
3.4453781
16.4824259
3.1614179
11.8747352
4.2807385
12.1222394
13.4952122
14.7124230
8.1123126
14.4356389
12.8191772
3.1706824
2.6070294
8.4648675
8.0969900
1.6531252
5.5057129
12.3158871
15.0750810
9.0320896
11.9397111
12.4951366
0.1062222
1.4035668
0.9265716
3.8387748
9.0250593
2.7910549
13.5985742
17.1377914
27.5849018
20.4047577
27.9065795
14.3510788
0.5598631
9.1535969
10.5454600
7.0766128
2.1091975
11.0926318
16.2343216
8.8928009
10.0099866
9.3108003
7.7146119
11.7225927
7.2041473
7.4493149
7.3657429
6.0986268
5.6380141
7.7129831
5.5055891
3.3361233
4.7824810
5.4198108
6.4595167
4.4754830
2.1988161
2.0349896
4.5906801
0.6696795
12.7328670
2.2323848
109.0067494
96.8455116
163.7186752
100.7894421
176.1678857
35.6279516
178.0277326
163.5871702
179.7030740
8.3171110
177.8077090
178.3606968
179.5284403
179.3062179
179.8868612
175.7754537
169.1598595
170.2138728
6.2363781
167.9334258
3.7607873
4.3788297
164.6484659
1.1839470
3.6640918
3.3697581
3.2067645
0.5282210
0.1218761
2.9190566
4.3562020
11.6072815
2.2327182
4.4772333
2.6783254
6.4040987
4.2298952
3.5399059
0.3855617
0.0769957
0.1375050
0.6387488
0.0658082
0.4046979
1.1110049
2.9952040
3.3133638
1.1388834
0.0439236
0.5257856
4.2842318
1.4638688
159.9199927
0.5614631
4.1555614
8.2672047
157.3235810
159.9566173
160.1341268
165.8358051
160.1505898
139.2326929
158.4327309
160.7838175
158.8636887
162.8612228
159.1402073
160.9819433
159.4247508
171.6031189
155.3081706
157.0347256
156.5559286
156.9122824
160.7581538
168.1742957
156.7384767
153.6578645
158.3741097
156.1910977
157.4303714
159.1385698
159.1856574
156.7802473
157.7984802
159.7954884
158.5355858
158.9471501
159.8976548
153.4137633
151.6752576
159.0667659
159.5865451
158.1817171
160.3322920
167.2766419
163.7282612
164.8608814
165.6116237
166.1874191
163.4769825
1.4119502
163.6332569
162.8356657
171.7912730
157.8128002
177.6452987
177.4886279
49.0978238
165.7654117
166.2616352
168.5429174
146.8459152
160.4641446
145.5007757
176.1125243
154.1694595
155.8325088
171.7696940
164.1233575
121.9451489
142.3409259
120.1559207
9.7363550
138.6834527
175.4939028
148.8899572
5.5664695
172.3898950
175.4690953
175.5047700
61.3181707
0.7839642
164.7466864
174.5385585
3.5108221
0.7453786
0.2166382
2.2399207
25.9319868
166.7990361
166.6564104
176.5609254
168.8067242
6.0600107
169.2018545
169.2557906
4.0996633
0.3931360
2.2156069
166.0493146
7.8151234
3.5330020
12.5323618
166.0632329
154.0282080
2.6253153
159.0445562
163.4196663
163.1108987
165.3309795
157.1699382
169.8353521
157.4480067
161.7435116
5.2855496
18.8132164
169.5159954
164.5672694
6.1986595
24.7946014
2.1211729
10.3214163
144.1730854
4.7348103
4.1995413
166.7976678
4.2783700
5.1892453
6.0148426
9.8930412
7.7654223
157.7421529
169.0522383
127.8242828
8.1905598
165.8517103
169.2916731
4.7088146
162.2915918
9.5316789
0.4859306
6.9264533
11.2530913
3.2113479
4.8615285
4.9477398
6.8683126
4.0742717
5.2705964
8.7064136
13.3505982
3.1225815
17.2544398
4.4287429
33.6538945
175.5718033
174.3630589
171.4770618
171.9434292
173.6005785
3.8987672
7.1452972
2.8724818
164.9694266
0.8799680
4.7365788
162.6448564
2.0746957
2.9888845
2.5819080
5.6324462
167.2836463
1.6011340
168.4161251
165.4440243
178.1517733
162.2669662
167.7004646
170.5401952
174.4469332
167.5947703
6.8783608
113.8595481
116.6263308
99.9575827
108.3606511
153.6747792
100.6622695
114.5182734
117.3701608
95.2433909
108.5737733
104.4192501
105.1488689
105.0621484
131.4001732
118.6437496
123.4972444
94.9427813
116.5894415
118.4493955
154.7914985
161.1939871
112.5012288
170.7776509
164.2170763
163.3534515
171.8836968
170.5494977
169.7420491
169.5422348
172.8763367
172.2312696
171.5915441
134.1449415
173.4322877
171.3104136
168.2663943
169.5798702
168.3301427
168.5541542
170.5128028
166.5774391
169.3306235
31.2993802
171.4052801
9.4894092
169.3145398
9.7273978
10.5608152
10.8484867
11.3211712
13.0835505
9.4638821
16.1187489
14.4945613
13.2876973
16.7258228
16.6377879
14.7385238
16.2451365
20.6968937
21.5483207
17.4096943
174.1440415
15.3949127
23.0067323
18.5682348
16.3598972
18.7863562
17.0543522
20.2461303
20.1022137
22.5014774
19.9564586
24.0768014
23.5539650
24.1412321
21.8289778
21.3380337
25.0258422
22.7403038
20.9135075
24.1593941
20.1350580
23.4710875
23.0798551
23.0719026
20.1045332
19.7870610
18.4832057
19.4570836
14.9871987
19.8525639
18.4467029
19.0683518
18.3500107
22.3312069
22.7462100
26.2018832
21.3724969
25.4424156
26.0953014
25.8047196
22.9810011
23.2557511
24.3935394
24.3675610
23.0250796
23.3829252
14.3544576
21.7543404
22.3971132
22.5661637
25.1485176
37.0857804
26.8963472
30.3955085
27.9117757
31.5074714
29.4943184
135.1601322
170.8234848
21.7811813
17.9970884
23.3982036
18.5176848
20.2710435
16.9551748
19.1649742
20.1756451
18.1686630
19.4368676
21.7687250
21.3904745
17.4775441
18.3597157
18.6828972
17.4660106
13.9645999
11.2600106
11.8944414
14.6939240
14.1889713
10.0811389
14.2817940
15.5977665
14.7657421
13.7077344
12.1781669
11.3743027
9.4479016
7.1641148
8.1622358
8.5357927
6.3624215
8.9304240
6.0001394
10.3650392
9.1501994
5.1105426
5.2720317
7.6241202
4.7281966
5.7083165
3.4275986
5.1404726
6.4618282
8.5780597
2.6837423
7.7390566
3.2619558
4.3403058
9.9962454
5.2013092
9.2570139
10.7112399
4.9745810
5.2778654
6.7535994
3.9249518
2.7686011
4.8130707
2.0117285
5.2397634
5.3656847
2.6003771
5.8012106
6.5075610
3.3355549
3.8782695
4.1907347
5.4577097
7.2566274
5.9699613
6.1126792
8.2935321
8.2434897
14.8495910
9.2397748
10.8129079
10.9583221
5.6755854
7.8553513
5.9990643
4.6842066
2.9659532
5.8718268
5.8651863
9.1436778
13.2170289
14.5565483
13.7013388
11.9213003
11.5050095
15.1824004
12.3700518
12.5297043
13.0193696
10.2509770
12.8400734
11.2970083
11.2521415
15.3424802
6.9193722
7.0152895
5.7912985
6.2667498
3.7377412
5.0952682
6.0359782
6.2749083
6.2459902
7.6961710
8.0934454
13.1958837
12.9764657
13.3386552
13.5646336
13.7200223
14.6809587
15.2746927
15.5449589
15.8425508
13.8047343
15.3595810
15.0427839
16.5695883
14.5201074
15.7829785
15.5201907
12.8576927
19.0978997
13.7078195
18.9836293
15.8443784
17.1237395
17.5727785
18.0354302
14.7733458
18.8716305
19.0541997
14.0450310
16.9553822
36.4593005
61.7208961
56.9186472
91.7581770
133.9268071
92.6658945
173.2312267
154.9785723
174.7483128
171.7059883
173.9556802
171.5973905
178.8462242
172.7679877
177.6863385
179.7264520
174.6022731
167.2320665
171.7830292
170.0454349
172.0012829
166.2809300
170.6663687
168.1494689
175.4256678
172.1908746
171.9831086
173.9535739
171.2036250
172.1083619
175.4550942
172.3442833
179.6889125
172.6321992
177.0908251
176.7276418
23.7292030
176.3438260
175.9960198
173.4433868
161.8052883
169.9629469
173.6629186
179.5584600
19.6396687
17.4666035
20.5985497
21.5732320
19.1266735
18.9087083
24.2184693
22.7381178
19.4426825
175.4488403
174.1632002
175.8188973
174.7713658
177.5000544
176.5449203
178.1814582
167.4403028
34.3484976
23.8927352
22.0287408
29.9273251
26.8620830
25.1970870
18.8505377
19.0359172
20.4403786
16.6659887
19.3888196
18.8008503
18.5903144
35.0269931
20.5840248
20.5481287
19.0499760
13.2771003
14.4290784
15.5574489
18.2495427
14.7355242
13.5124363
12.6057383
12.8492103
16.2575606
15.2130126
10.6336008
10.4121715
10.9050401
11.4672738
7.3572863
8.0259807
7.2234366
9.2838277
10.4140129
9.9229142
4.7339118
6.9131923
10.7636134
8.1787779
7.8003593
7.9761880
10.8164116
9.9312268
5.2182810
7.1434839
12.6421495
10.7214872
11.6181906
10.3194869
14.8258778
12.9264287
14.7395177
12.8609478
13.4339284
13.0522348
10.3362072
10.9044657
12.7750223
16.0206435
10.3293856
14.0375436
12.7822590
14.2985849
15.7796193
17.0863185
13.3899095
11.1440200
15.0386973
16.0446605
16.6130813
14.6027380
14.9279124
23.1832062
26.4192687
173.0235442
154.0582888
173.8223226
17.2673975
21.4550707
14.8735368
15.4505533
11.2217355
15.0328769
10.0840853
11.8664395
10.5786496
10.1824350
17.1388752
10.2558271
10.6414178
7.2667747
13.4291702
11.5562739
12.0812156
10.7513128
15.0880636
36.0497953
10.4517472
15.4608362
13.7566670
83.8107441
14.4710049
12.7593094
11.5484652
15.9062483
10.9828362
14.0005666
12.5939095
12.2717409
10.7216777
25.7341146
8.1867747
12.8601986
12.8108354
9.0498686
8.9764596
13.5607903
12.7009196
12.2837778
10.7966214
11.9477329
9.0193978
7.0260115
9.8407479
8.7342565
10.3661189
8.5721223
9.3806465
10.2230281
10.1872168
10.6964682
11.0164801
8.9520179
11.3155675
10.4444645
9.4617580
25.5412926
10.2551640
19.6333318
8.7134229
9.4421883
178.1047641
12.0606887
16.5854573
15.9596690
13.2861454
11.8614674
10.5541311
12.1075338
9.4373441
8.3654230
15.1860180
15.4908223
135.5755866
179.0697585
167.4518531
25.8458258
170.1411618
178.4618341
13.6452565
8.5295910
161.6668975
13.8780960
178.6063394
15.6858874
6.7688647
6.4014950
11.5486220
6.1397362
6.5077867
2.7956564
25.3042409
9.9022528
10.9632011
13.3561421
13.0923742
13.8207761
150.8754944
28.1495960
178.3507233
103.1449169
167.9793419
88.2313448
130.8998685
35.6979699
10.2462954
164.2610118
91.0156490
23.6469523
86.2001599
7.8906161
104.4290051
37.7602375
81.2351726
1.9249693
6.4875326
9.6039357
120.9468026
169.8823675
169.4569867
129.2398290
172.1625327
163.7106953
124.1754563
163.1824752
133.2821019
169.8042212
179.5171013
171.8635725
154.6109158
174.9624297
179.7915304
175.8574789
153.6867758
174.7773788
178.7860030
170.9312930
177.9689995
177.3971546
177.1716110
179.8984573
178.0050478
177.6016824
178.3549430
170.5801255
7.1094384
80.5575851
3.4627208
171.6194608
12.4293012
0.7442598
49.2083060
2.5103162
4.7657573
0.3333991
9.0518616
6.7820253
5.9186493
7.9820455
5.9669754
0.1524231
0.2282367
1.3261899
6.9023715
4.8331203
34.6343813
8.2815145
12.3632477
3.1694384
2.8026500
0.9231698
3.5600876
1.3747739
1.9530448
0.1418810
2.5364660
3.9569233
0.9404567
0.3702084
0.8407959
9.7829379
1.4918906
167.7197370
0.8491817
157.8753655
1.0606579
138.3821015
58.8297269
79.5172821
114.4738059
9.8472816
119.4953050
2.4862954
148.1945592
3.0087410
148.1831351
94.8244272
148.5789322
21.6170242
151.9664991
129.2972408
1.2895174
1.0411504
2.8451959
0.1972823
0.2660930
6.1043329
91.9316172
0.1852851
142.2739726
115.8021066
130.7847034
130.6644705
96.9425453
5.5975873
120.0533790
6.4773097
5.7029372
11.3409841
11.5753998
13.1633456
36.0955693
0.7447885
23.2049844
43.9201387
18.2200700
51.7169305
83.8720447
39.9116970
14.1510633
15.8006657
8.6207475
5.6031673
99.5312281
1.6521284
3.8090436
76.6753773
55.0353393
19.0307547
89.3350945
95.0907540
115.4480289
92.3457723
109.3776090
115.1682375
134.2782713
109.0578388
98.1017056
97.8507714
89.5663792
136.8732830
107.7317234
113.8163717
91.7221839
96.3444534
1.4038195
6.3744773
2.2524832
3.1916215
2.5911204
2.8779107
7.5993910
1.4743144
1.9766368
2.5927111
3.5161503
2.4120792
7.5860257
25.4540216
70.1353930
87.2751560
48.3505892
100.0136401
76.4720963
115.3066239
102.7105308
158.6556932
139.1581854
144.5240044
85.1667802
80.8736130
71.5845145
3.7188198
6.3314370
8.3823055
6.6349645
2.3302775
2.4959047
5.1553189
52.2206230
28.0023905
68.3373187
136.5776761
4.3545972
8.7632358
11.0772922
1.3949103
7.2056894
3.6195529
0.8661711
7.9108599
3.3267486
3.0003106
6.4226409
1.4124209
1.8900931
0.7786551
1.4497830
4.9736574
1.5927270
1.1831708
3.1376177
79.2227161
5.5104408
24.8107233
45.5747087
12.9541264
4.0277544
9.7576356
3.4197072
2.2691389
1.6801701
4.6525783
2.6776372
12.6863609
1.5731386
4.8117309
8.5183023
3.8219975
1.9875005
5.4372971
2.7164387
3.3015115
4.5947133
4.2149393
10.5586025
0.4554119
1.5493235
4.8797207
12.4058519
37.9144844
32.9523270
114.8365330
68.2958671
135.9133432
83.2244971
101.1263944
97.1670791
92.1845191
110.5066308
81.7241887
74.4465153
83.1983498
64.8749979
27.8480098
18.7110777
60.4280788
31.4056044
34.1312922
58.3324037
42.4531390
72.1804648
71.4054489
14.6857701
48.1355944
48.9254287
38.6644797
31.3389090
4.9675575
71.3603474
10.1347621
5.7786798
4.8536834
8.1313911
10.3401634
7.1518371
8.4918870
18.8512664
30.1886535
38.8626738
14.4251871
72.6331177
19.7871356
19.8318319
10.0649093
18.1972845
9.8256966
26.5398097
26.2972330
68.6561537
70.5913308
75.8548385
73.3360391
72.3630653
82.9051461
81.5895818
90.2719187
96.7577656
101.7483749
99.5842935
94.3510967
92.4271106
84.2853785
97.6307518
16.1867024
86.5153355
60.7445284
44.4803812
19.2535381
11.2752949
46.3906050
82.9119561
17.5830908
6.0750732
5.6749176
2.5708242
24.5959614
2.7098158
10.3159958
19.3188402
11.7935041
33.6556443
5.5896383
4.4569971
4.6081201
1.2733915
0.1689273
0.1677711
0.3698487
3.6357565
2.8568818
2.2932803
1.0109618
0.6151250
4.7374104
0.0034570
17.0637849
0.6286049
1.1800038
3.7932998
1.2514480
1.3944155
5.4271718
4.8091658
4.7190582
5.3818731
3.2343869
1.4784878
1.7491622
0.5411669
0.8153459
0.1930130
0.8318095
2.7477392
1.9638010
2.4212245
2.9725812
0.6686145
1.3649077
4.0211088
4.3807664
2.8097762
7.4252153
5.7019475
2.8684629
4.6532675
1.6609122
5.0101130
2.7363987
0.5219587
2.8046480
1.0161031
2.7919138
2.7364405
3.5931570
4.3724652
1.0210668
3.3505315
3.9845130
7.6683954
3.4310866
0.8210697
4.2890419
1.6781020
2.7503404
2.0517663
3.1883585
6.3438313
4.6718441
9.0997759
8.1871254
13.8747749
7.1557027
4.8368804
8.5936234
8.3194697
4.8796869
7.1082791
8.8534303
11.1846211
5.9598185
8.9517761
10.3546231
14.8430618
11.4060085
8.1134460
8.0877313
5.5512549
6.2447185
4.4873794
9.3292980
11.2665127
9.2200223
15.5052690
13.1635910
15.7871482
11.8853676
15.2473924
11.8096797
11.5035438
8.6733402
11.8472671
9.5363375
4.5629019
10.2585970
9.1761505
10.0401586
9.9283319
9.2958793
8.1033170
10.1689567
9.5244415
5.1840450
7.1336138
10.1726290
4.3201847
8.9073428
7.8145474
10.6400717
6.8411446
10.3437615
10.9078001
14.3411907
7.4772767
9.8087828
5.0575691
5.4707713
11.2084575
10.6382365
11.4185083
8.1464957
8.0702160
7.7809096
9.6914321
8.6233095
7.4949182
10.6268017
12.1080596
18.1108787
10.7989749
16.5473526
17.0502622
19.8886968
19.2715641
19.1854548
17.9944448
15.2889718
17.3548149
16.1404453
15.9662228
20.4768645
14.6475571
19.0636445
14.6223805
15.2476623
16.0576041
18.9830600
13.7382004
17.4211643
19.3828036
14.7197341
18.1163324
21.9386816
23.2906431
21.9237287
20.5230082
22.8060206
19.6895940
17.0752665
18.2061745
14.8150748
10.0943185
13.1968176
13.8696826
15.7112166
16.9564928
13.4243847
17.0979082
19.4727936
19.7856590
17.2804156
18.1084290
17.4820437
20.2550275
16.9515877
24.2615373
32.8857145
18.7509421
21.1089161
23.2193452
21.2398150
23.2798412
19.1879685
19.9457973
18.7322688
19.7572826
21.5815151
18.0512523
20.5693653
17.5120655
10.3939743
22.3955920
22.7245131
20.5589000
23.1074670
25.2581613
19.1458953
23.4065620
25.2072524
18.7337759
22.3377098
38.9232503
30.2892631
120.7614067
165.4462084
22.8773928
15.1830999
12.9638511
48.2873076
32.9146880
12.5015855
11.3041116
9.9642477
16.0257892
14.7752141
10.7319661
16.7105702
16.2539678
11.5312822
10.3593339
15.2872801
18.0403087
15.6418977
16.5667308
12.9256283
15.8158661
8.8838793
8.1027418
12.5100256
6.4356721
4.3937040
5.7372924
5.0529513
0.4159699
0.3353681
0.8270398
0.2539873
6.5382214
3.8975715
5.2960303
4.5660172
4.0098921
2.7215289
2.2214583
6.8826326
4.0594993
3.4291530
5.1296515
6.8869266
7.8121731
8.4470219
4.9006112
9.7494367
15.7004338
10.2956155
2.6922345
10.0927853
7.8105263
14.3953430
4.9690587
11.0832888
3.0578927
4.8716608
6.7050725
11.1038741
13.7032269
9.2885019
13.2302741
8.1060506
12.5511832
13.2622828
15.8227758
11.9727941
14.4820313
15.0970853
15.2622610
12.5944971
12.4871293
6.8454788
6.3249426
4.8897063
3.1188643
2.9134594
7.0652142
3.4505217
4.5389255
2.5211204
1.5354775
4.0372468
10.2516078
5.3772139
12.2275800
9.5443495
15.9962576
7.1912122
9.0576200
7.6975783
7.1559524
11.0050577
10.0757839
6.6073683
11.2198751
7.3444109
7.5889184
17.0205580
10.3307931
11.4686134
21.4006375
11.3524354
21.8356199
14.1688363
10.2999746
15.7818011
15.5088707
14.8904698
24.1872181
25.0890301
22.7484488
27.9243517
36.8034615
38.6452703
49.7023599
47.1490907
45.0898303
57.2031988
57.5696067
56.8234942
41.2517275
44.7116561
17.2316264
30.1711575
30.4390952
7.9156278
7.3623862
5.4355945
26.3014201
3.7130750
13.0688184
6.0749038
6.0306914
7.2718997
19.9462706
11.0588438
6.3774088
8.5114545
8.2056288
10.3855736
3.1906459
4.1390204
14.6938864
9.9597121
7.2313810
4.7445108
2.2612512
5.4486306
6.2749063
6.3022127
7.6225297
12.8187636
3.0124512
5.2812183
3.1665755
5.5034679
9.7190922
13.2529685
9.8249239
9.6439540
12.8753279
14.6864143
10.3748614
18.1877473
10.9226323
13.6241650
9.7700241
7.8669802
8.1040534
11.4041644
8.4358650
9.3333220
16.8905691
21.3492538
22.8865218
16.3397193
13.1904565
15.6427452
12.4659383
13.9092067
14.8957850
8.8160913
21.9754676
11.3254693
11.5401210
23.0130233
26.5304291
17.2366464
16.0559917
14.3927606
54.9731738
26.0166762
39.1656829
25.7851260
23.8445464
49.3221775
40.3097139
40.8794709
28.0134148
46.3314477
41.4738478
53.6864714
76.8865802
61.9198105
70.0895817
80.3949090
77.4181435
72.0458770
66.3605190
68.9205236
97.1454421
54.9617465
33.5919767
55.3291241
12.5219148
14.8897695
30.0528947
52.1934160
46.0122145
52.1377148
51.6204510
71.4916958
58.6957860
55.8583754
57.4397765
56.7768553
55.3923006
33.8249560
51.9812703
29.9940075
81.2246636
40.7201183
65.1201887
67.0032290
103.7008493
77.8479474
39.0869167
78.7075736
75.9503117
74.6432220
79.0217202
76.0506564
53.9181596
54.8181773
38.6217725
56.8131950
28.6960947
45.1688238
33.7520352
61.8857883
48.3256538
62.5868608
55.5549282
60.9283315
74.7845330
60.1018122
53.6246185
55.9539249
65.2083016
65.2750301
64.4856890
68.2382247
59.8269834
65.2842997
66.1880587
67.0328817
66.9771757
67.0466563
66.4793503
63.5929315
67.1576340
60.3401350
57.6074264
46.4585740
43.3203424
40.8696893
25.6246872
44.6021219
30.1977554
33.7870480
51.4156174
33.4596790
41.0036532
36.2159919
14.5132638
16.2700346
9.8289539
9.3623141
3.1204124
4.3649712
7.9941510
18.4985252
16.3207323
1.0380073
11.1739541
24.8009209
15.1349531
29.9468775
28.7338460
24.4096046
36.9610107
12.1950487
33.9666090
6.1173371
25.6944499
15.6879205
2.3909302
18.5703266
3.0907775
29.3659762
6.9943213
39.8436108
17.4152988
18.6956321
4.9846589
16.6610184
19.7343311
13.6428435
5.3535402
4.8902789
6.1175217
2.1978327
9.7987094
24.1700687
30.3108172
60.5387543
52.9176233
96.5068937
108.7730333
102.7962705
95.3523423
114.4249585
129.5471416
124.0271192
118.1562800
127.4309928
117.7371883
112.3223446
110.1505347
108.9007898
97.5267004
111.5077284
89.3039978
91.5050870
102.2590894
86.3703754
97.3441394
94.3081528
74.9192867
90.0809960
72.1825299
78.3818001
67.9719691
68.4160803
72.8532494
82.7242410
64.5550338
71.6930675
57.8052113
59.3090940
57.1439975
70.7645576
77.8186543
92.2074154
56.8363512
68.8588286
65.5088605
64.1171916
52.9025969
67.2614912
40.5178252
55.4084055
81.7831973
56.0034568
77.5127822
43.5911307
84.9027711
73.5936681
54.9722971
53.0567721
43.0320563
36.4015307
56.9819626
43.5118852
68.0649551
45.0137146
70.9758657
53.0262182
46.2423077
50.5733086
33.8921107
32.1417361
39.6800478
28.3832101
24.9988625
34.6491398
44.3934325
41.9388993
76.5979631
52.8355953
70.9819404
98.0742277
60.0539299
71.0860195
59.9970553
50.0477957
54.9353568
50.3967460
39.6848828
42.0565228
39.4054156
36.4596219
35.8651469
38.2662063
38.8843732
36.9966026
73.9893414
89.5246504
124.6107918
115.7860516
112.3751452
111.3353343
116.0328254
95.4662411
65.3268326
50.9578166
38.8142436
41.7447477
39.8642870
42.2962317
36.3052192
27.0161946
29.9568124
22.9398598
28.4128130
27.5787959
25.1129261
29.7024056
35.2377321
22.2880258
24.4109366
20.8487214
18.7501290
21.0871816
16.3564491
23.6394513
18.6468371
6.6346153
6.5838265
2.8763548
12.7865459
6.3791180
4.2022939
0.2861554
4.6922186
3.3564226
1.2163196
3.0051340
4.8753503
6.8289643
1.2380061
2.8772939
5.9358760
0.0078894
0.9038903
6.0860940
5.5240375
1.0122359
2.0801794
0.6205818
3.5325353
21.8917912
10.7977407
8.7204235
0.1831332
3.4560547
11.2567691
1.8194101
3.0614534
8.2909038
0.8984550
0.9125623
2.1965047
1.9773729
0.1518214
30.2139917
3.8997117
22.6873134
16.5240501
29.6622392
12.4315162
3.5074736
11.0977834
11.4267779
3.8230731
3.2272436
7.3201162
6.8230839
16.5817522
21.5238975
51.0460856
28.0705470
28.9050985
11.7530972
19.5148452
30.5572019
32.9731988
49.8502626
40.6584750
44.4132439
70.2992045
75.6661964
62.6506284
55.9066330
67.6493091
72.9991247
48.4541800
46.9966475
65.7530039
43.7803696
66.5297300
67.3464581
81.5670708
88.0847054
77.2859581
100.3049674
100.2681473
91.2840187
84.7186460
79.4889570
74.5316498
71.1348465
26.5761836
55.6885369
38.3775869
40.8799882
32.5262605
16.1011634
18.3128444
22.9570429
16.5247280
12.4014146
12.0370537
32.3698419
24.8282561
18.4430345
28.7103741
26.3163202
32.5613791
22.6880643
13.8752280
18.7908598
17.9795269
31.5598200
12.6933653
17.3112518
16.5720129
12.6713186
9.5211551
5.0578298
6.6871557
15.6288802
7.4037803
4.2228784
12.4277349
2.2646273
9.7608128
4.2368842
10.7620630
9.5113233
3.8037666
6.9383784
9.2686851
8.7981591
13.4446607
37.5344776
12.5908485
10.6380455
18.6437947
8.5486961
14.4610813
13.7235493
11.2405717
12.3104157
14.0969842
19.0570188
23.0249859
23.6184682
6.8530367
7.6753144
11.5241427
16.6522074
14.9328696
6.8191827
1.7040124
10.5956986
5.8154473
13.0537639
6.5539217
6.8225568
4.5902925
8.3834347
0.6825183
3.0661448
19.1584997
9.5258653
3.9767370
4.3535491
7.6703160
21.4725967
3.2993596
4.0021315
17.9727349
6.9959355
14.6706010
5.7455706
5.9857904
1.6783115
7.2231408
1.8665072
4.9646291
25.3030232
1.6491972
4.9311068
0.3237110
3.6798094
9.9223096
0.1615544
1.5632106
0.9406622
0.6622538
6.4321324
9.0025307
0.9050824
0.1905006
5.9045934
5.2780636
8.3238714
8.0153595
6.3083457
1.8415468
10.9820121
11.1678784
8.0018469
9.0031088
2.0430447
7.5848858
8.8121182
2.5230033
1.3559059
6.8108319
2.5693851
9.3072591
7.9755689
6.9834049
11.7857272
20.7342884
18.9529156
20.8340039
9.7279359
20.0858585
15.2236596
24.2495304
10.6983332
28.8856808
26.0729883
28.0014571
25.8156665
32.1854669
41.9476155
32.3249788
23.9082643
15.4251407
15.0662653
16.9404957
1.8568468
10.8431650
13.3154044
17.2918427
18.6170892
17.2311253
13.3474431
10.1807802
5.7163978
18.2759854
8.4303966
9.8348239
11.8368527
16.2798440
3.1858588
2.2647087
1.7543379
4.2699902
1.5348563
2.0625679
12.2361333
11.0291338
11.7127089
12.2755189
17.2296910
10.3171968
2.1663772
8.5182138
7.9072576
10.2884853
0.3827422
8.2620921
6.3848008
0.3301642
3.4772310
2.5898625
10.8680587
4.5652275
8.6726316
11.2598809
9.9601625
11.6779816
6.8002052
10.5919249
22.6425088
24.8930300
19.4894304
24.3859526
22.4728921
23.2748010
13.3518680
11.5251594
18.0193886
10.0826786
18.9834428
13.7793845
20.8096295
23.5573722
25.1805443
21.7208033
23.8769104
19.8552466
10.1798004
22.7482081
20.7306987
18.2773009
19.9046388
11.6272318
21.6895556
9.2073339
14.1474711
2.2621647
7.3153644
0.0299288
9.7063381
1.5030837
7.9639101
11.5984115
9.2470914
11.7083556
15.4734830
8.9259846
15.5253875
3.7184280
15.7847220
11.7300874
6.9709768
8.7588733
4.2359806
11.5560910
2.6681814
3.9761780
5.4000806
15.0460485
12.2996982
16.0530908
1.1896711
14.8141976
14.3598114
30.4095874
15.8104022
7.1281087
1.2073177
13.8628262
4.6969558
17.7938743
17.5036774
18.5657569
21.3534313
25.8439037
21.9801078
22.9565211
26.0602844
20.1462489
25.4857053
18.8845267
20.6998045
21.3306909
22.6865108
29.0740812
32.6927986
33.1013686
34.3671401
28.8122344
32.5571818
27.3405364
27.2217542
36.5651238
31.9330054
30.6094850
31.5609188
38.1264825
31.0192980
40.0475365
38.0694997
40.0718027
33.5905427
40.0281824
24.6358755
33.2748919
17.2730603
15.9196118
19.2439472
13.9404091
6.8499762
13.1891242
8.0622181
1.2375133
0.2649663
13.0778424
11.1272782
22.2822705
26.3030828
28.6152562
26.8732360
24.7758931
11.0003816
10.6416447
17.1984257
13.0256921
8.9411670
5.1578887
4.9278433
5.9663330
2.4736002
10.4021673
7.5762930
0.7664967
1.0656153
5.5195875
20.9336771
4.0957861
2.7088163
1.2382197
9.6757490
0.1295876
0.3217750
6.3788014
10.0707758
7.8060082
4.4870205
16.4794552
4.9046830
7.4755540
5.2732285
4.5689046
0.6071718
4.9867830
9.3368540
3.7853255
8.8615567
1.1406881
15.4503274
19.6836488
9.1196204
18.8146806
14.5133899
6.7487548
25.2137027
7.3799662
5.8316858
4.0670357
10.0183577
22.5604824
19.6885292
14.8677063
13.0927863
11.2370770
11.4084552
21.1155130
29.7856445
14.5211400
20.4425822
23.2430467
18.1498579
31.6248381
32.3295581
32.7106860
27.9507979
35.4905879
30.2403460
29.5029682
38.2131425
27.2265166
30.1185591
23.1719886
36.2411237
33.1867795
37.0933055
29.6038115
29.2114926
25.6611324
19.8726111
33.0290336
28.6718572
20.0269434
26.6705485
27.9874987
37.6652561
13.9405869
26.7925358
20.2335474
25.6722069
27.3208892
4.2369664
22.3232987
20.1639587
13.7079358
29.8086844
20.5385042
34.1894459
34.0130606
19.4525040
36.2428008
28.5870451
37.1233226
42.8091970
34.8975899
34.4242112
25.8723135
29.0568840
30.6183716
24.0835670
25.9994680
1.9332237
21.5059911
23.7896157
18.5161800
21.3027906
19.0335518
5.8853881
24.4162648
9.6929107
20.7574938
25.2797472
17.9392584
17.4028858
15.2081321
3.9950672
10.7960626
29.9623092
9.7335433
14.7304065
8.5974968
3.9665667
1.4621658
3.4674684
17.9246698
17.3507099
2.2737193
4.3227127
18.8812316
11.8958828
25.1903204
30.3358612
36.4077851
26.3681474
24.1990576
17.1070984
20.2004670
7.4609418
2.3699240
15.8690046
20.7636590
13.3758478
19.0293870
16.6619992
15.9621293
11.8797555
13.9551436
7.8737003
5.2467064
17.7425299
13.4950907
1.2362817
10.6156756
19.5285025
22.0589423
15.1746100
18.5681333
15.5745947
16.2100371
13.4436407
7.6815166
2.3784337
1.3191865
6.8996083
5.1986218
12.2721791
2.8317926
8.0558467
7.4995672
3.1987448
5.3075440
6.8614055
5.4119140
1.9867436
4.1224918
1.2122448
1.5430434
10.8782121
12.7121985
12.7906239
14.7000932
11.7138947
11.7997754
17.7305816
12.0638956
3.6005823
10.5010890
13.2142770
7.5372378
9.1574186
13.2082974
7.9121379
7.3709584
2.7694275
6.0225299
0.0903506
0.9938269
0.8799636
1.2654560
3.4938841
2.1051602
4.2183994
3.3602308
6.0988104
1.0015887
1.0489145
3.0153415
11.8593916
16.1281029
17.2333672
12.0244371
20.3959322
13.3603058
14.3945724
13.4258010
12.6473069
14.6946444
14.4921853
6.9855729
0.9391762
8.9049677
6.7617617
6.8476972
7.7052470
8.8267791
6.9321969
5.6463619
9.4251909
6.9344986
7.3465898
10.0847869
4.4278948
1.7185152
7.9993547
3.1260314
8.4621260
3.9375167
14.6336831
7.9275352
13.2003997
13.6071723
7.7756863
5.8508686
6.5925831
9.8347952
5.5617686
11.6974969
15.8219340
13.5497640
9.4790255
16.5028578
4.2357455
15.8525843
15.8859641
12.0359484
16.5508988
10.0331648
16.2137119
13.3866251
16.8979390
7.5293701
5.4922549
10.0598144
6.0604169
7.3308328
0.6575904
6.2254573
5.0414110
15.6106089
12.0498671
18.6573718
2.2712617
28.0699487
9.4667186
22.4923133
11.5038717
8.3036282
4.3508301
0.0562443
5.9715912
1.9279957
0.3498251
3.0995410
0.8549956
5.0441420
4.8887352
4.7707537
2.4410223
0.2833201
2.2963810
5.1067652
6.4700715
17.1424782
8.9908367
12.5230378
6.9268289
2.2374778
12.4293738
12.9704092
12.1954652
13.6811022
4.0409464
1.8335411
1.5296336
2.5269795
10.7388323
2.4320984
3.2649828
3.9576207
1.1895478
3.4124901
3.7093580
6.6965388
4.8411020
1.8222699
4.0519563
6.9330122
0.4203010
8.7037172
6.7504101
7.2934524
12.5938065
11.1701758
15.2919603
10.7456586
4.7870799
5.0275729
0.2961512
0.4743254
2.5478091
0.8092589
10.9149232
9.6704096
9.9504430
8.7121787
16.4495843
6.6305051
2.8671613
7.9943405
8.3502684
10.0536640
15.1461552
13.2445596
8.6575202
10.8548371
9.3567792
4.0087570
8.4843278
7.1580799
5.9709074
3.2710489
3.5038371
1.9349946
2.0236025
3.1006009
6.2424800
7.3498000
8.3884868
7.7970950
6.8986539
5.8922249
9.9187503
7.9038500
6.4832714
0.5091975
6.3242207
5.8673678
6.6057517
10.8612352
5.1352249
3.7058389
13.4549696
6.8988499
2.6638071
6.3257789
2.3503542
4.5015197
4.6508694
3.9907779
4.4171089
7.5255181
4.7642480
6.1583198
3.9598947
0.6928248
0.4345740
47.8126505
1.9933346
4.5807467
2.2708539
2.1988054
21.4299472
4.6860510
1.7980783
7.3050183
4.5113477
1.6533249
4.5293692
1.3733544
3.0891611
0.8611963
5.7615943
2.7203725
3.0478850
2.8929470
5.8966124
2.9886777
3.7497267
2.2339514
1.0600881
0.6797179
0.4337150
3.6682619
8.2482684
1.2849893
1.4897706
1.6267179
1.5554302
0.7659310
1.6588814
0.5596732
0.6120066
0.9491893
2.8486011
1.3522801
0.8965354
0.7697184
1.1699103
0.4227889
2.6733594
1.1180501
2.6193533
0.9608004
3.3162542
1.4817279
0.3394498
3.0641301
0.3255988
1.5858548
3.2814278
2.6837790
1.9635049
11.6093011
1.2861660
4.3687705
1.8431995
0.4389279
1.3598041
3.3383192
2.0265206
1.4709254
1.0764063
1.4721617
0.7366551
2.9282041
0.5165487
0.6524416
0.3918877
0.5319941
2.5195065
2.2227871
0.6635393
0.5530986
4.9014779
2.4794035
1.7763849
0.8783020
0.5481953
0.0881418
0.0702262
0.2516996
4.3882124
2.5047993
0.4010481
3.0912679
2.1818719
2.8877761
4.0080719
6.6228053
7.0556662
3.8488122
6.1884520
2.3609937
4.5566216
0.0986179
4.8077235
6.0212909
4.3497174
1.1375058
0.2760813
8.1139153
3.7595537
0.0235679
2.9318190
0.1384867
4.4912535
0.6367488
4.8850838
4.2319394
2.3347064
1.2824752
7.3679917
2.6521556
1.8252902
6.1784893
5.4306489
7.0667798
6.3245466
5.5386970
9.3360400
6.2002454
7.1489528
4.4351624
2.0608082
4.9340186
6.1225694
6.5095500
6.1360379
6.8741984
5.3896322
3.7982239
2.6840573
3.9401621
5.3033298
5.5673316
3.9098440
4.3297194
4.1782035
4.0583242
0.0772796
9.4756002
3.0549748
6.2468193
8.2408097
4.0468457
3.6369024
3.4530638
4.0730370
7.4543304
6.4472334
4.9592754
4.9230394
5.1768201
4.1403039
4.1201463
3.4828983
5.8700803
2.8513511
5.4948399
2.2179266
3.1931930
0.1841947
19.6125115
6.6143461
8.5682374
0.6893494
3.3486973
0.4023476
6.7910332
0.4502025
3.8611035
6.2159445
1.7507544
1.7635214
1.2042387
2.5289077
0.0450488
0.5615920
1.5892957
1.1063178
46.4756864
2.0775042
34.3741622
29.0245659
60.9884038
1.6524793
60.1000209
22.9333336
3.2419717
1.5743186
1.6236711
3.5708488
3.4265595
8.2324830
3.7624206
