-84.9576358
-84.9578544
-84.9583257
-84.9585101
-84.9587628
-84.9586535
-84.9589746
-84.9595688
-84.9593297
-84.9593229
-84.9602245
-84.9608597
-84.9619935
-84.9630727
-84.9632503
-84.9622052
-84.9618501
-84.9625877
-84.9637967
-84.9624511
-84.9638581
-84.9552726
-84.9533397
-84.9479506
-84.9491664
-84.9480872
-84.9535377
-84.9550882
-84.9561195
-84.9522127
-84.9473086
-84.9453825
-84.9441667
-84.9454303
-84.9478960
-84.9473496
-84.9457786
-84.9420493
-84.9354514
-84.9388938
-84.9388938
-84.9482580
-84.9416259
-84.9462909
-84.9234507
-84.9202201
-84.9010067
-84.8980698
-84.8894774
-84.8865199
-84.8751135
-84.8706124
-84.8488104
-84.8367483
-84.8223366
-84.8305260
-84.8385515
-84.8400610
-84.8346583
-84.8102335
-84.7876734
-84.7627022
-84.7462483
-84.7420136
-84.7405383
-84.7255802
-84.7261812
-84.6966475
-84.6785475
-84.6401140
-84.6178134
-84.5834644
-84.5685268
-84.5555836
-84.5384808
-84.5330645
-84.5104702
-84.4971513
-84.4591208
-84.4316430
-84.3956547
-84.3994045
-84.3802253
-84.3842688
-84.3534851
-84.3340874
-84.2825399
-84.2707374
-84.2392024
-84.2450149
-84.2280077
-84.2129471
-84.1759617
-84.1556555
-84.1327539
-84.1043266
-84.0911512
-84.0643905
-84.0740416
-84.0722794
-84.0625395
-84.0366258
-84.0052001
-84.0126587
-83.9788697
-83.9927077
-83.9806592
-83.9901327
-83.9867859
-83.9840197
-83.9610498
-83.9498141
-83.9308125
-83.9215371
-83.8873998
-83.8850981
-83.8782406
-83.8683026
-83.8799754
-83.9139898
-83.8950087
-83.9083617
-83.9100009
-83.9318849
-83.9274521
-83.9303071
-83.9143723
-83.9017774
-83.8791285
-83.9388312
-83.9057116
-83.9122754
-83.9209224
-83.9157588
-83.9523754
-83.9291664
-83.9151646
-83.8669776
-83.8498201
-83.8053556
-83.7960870
-83.7606657
-83.8097679
-83.8073500
-83.8097679
-83.7716896
-83.7549078
-83.7995978
-83.7454412
-83.7622708
-83.7111468
-83.7155454
-83.7028481
-83.7187488
-83.7077385
-83.7074380
-83.7133598
-83.7118640
-83.7324433
-83.7057578
-83.7148761
-83.6821731
-83.6689567
-83.6541352
-83.6648381
-83.6293826
-83.6670648
-83.6531995
-83.6452560
-83.6630418
-83.6183587
-83.6405568
-83.5896036
-83.6180377
-83.5908877
-83.5800140
-83.5851298
-83.5726852
-83.5693248
-83.5862773
-83.5736824
-83.5870149
-83.5599059
-83.5705200
-83.5731292
-83.5603977
-83.5762984
-83.5329472
-83.5714489
-83.5320388
-83.5288832
-83.5093489
-83.4989465
-83.5192185
-83.4966515
-83.5234259
-83.4975668
-83.5198469
-83.4970682
-83.5253930
-83.5195942
-83.5166640
-83.5123951
-83.4913718
-83.5146218
-83.4946230
-83.5091849
-83.5019176
-83.5093898
-83.5186448
-83.4985162
-83.5239518
-83.5038779
-83.5247236
-83.5315743
-83.5393197
-83.5503915
-83.5373800
-83.5605958
-83.5647007
-83.6221768
-83.6564097
-83.7183936
-83.7663689
-83.8373482
-83.8783157
-83.9496775
-83.9977689
-84.0933642
-84.1535108
-84.2632925
-84.3377552
-84.4543465
-84.5291917
-84.6109081
-84.7133814
-84.8362429
-84.9434495
-85.0844588
-85.2258369
-85.3653708
-85.5419312
-85.7064841
-85.8932898
-86.1072181
-86.3316991
-86.5623205
-86.8360471
-87.0977732
-87.3590962
-87.6316276
-87.8955461
-88.1437347
-88.4565778
-88.6815574
-88.9549699
-89.2568028
-89.5050938
-89.8029652
-90.1414011
-90.3882305
-90.6866961
-91.0158429
-91.2550020
-91.5426485
-91.8145584
-92.1174568
-92.3893939
-92.7272697
-92.9830876
-93.2530987
-93.5451166
-93.8090214
-94.0913336
-94.3813640
-94.7068088
-95.0098165
-95.3350906
-95.6938531
-95.9984727
-96.3520306
-96.7186069
-97.0517015
-97.3552078
-97.7477388
-98.0227222
-98.4551825
-98.8525970
-99.2294254
-99.6223662
-100.0941342
-100.4624726
-100.9334825
-101.3716459
-101.7528251
-102.1952096
-102.6477302
-103.0458141
-103.5207308
-103.9441684
-104.3129235
-104.7281716
-105.1746406
-105.5195037
-106.0085794
-106.4807162
-106.8790733
-107.3381645
-107.7354903
-108.1378567
-108.5863269
-108.9418110
-109.3024176
-109.6445486
-110.0866599
-110.3933969
-110.8188152
-111.0728846
-111.4300625
-111.7644003
-112.0575384
-112.3276792
-112.5578702
-112.8822837
-113.0900717
-113.3559027
-113.5215689
-113.7101095
-113.8554422
-114.0221398
-114.0921697
-114.3658418
-114.4581996
-114.5698527
-114.7029458
-114.8316812
-114.9453628
-114.9166760
-115.0753140
-114.9593511
-115.0072034
-115.1119648
-115.0711612
-115.1620574
-115.2510001
-115.2960794
-115.2388834
-115.2153465
-115.1343132
-115.0603832
-115.0720082
-115.0353028
-114.9700061
-114.9370846
-114.9229871
-114.8493304
-114.7995929
-114.7182044
-114.6818405
-114.6152598
-114.5776528
-114.5200674
-114.4921934
-114.4427907
-114.3738604
-114.2888314
-114.1686132
-114.1040065
-113.9990879
-113.9471921
-113.8680303
-113.8351361
-113.7551955
-113.7011687
-113.6421354
-113.5594287
-113.4946306
-113.4031266
-113.3028048
-113.1906258
-113.1011230
-112.9869768
-112.8891890
-112.7985114
-112.7131750
-112.6281938
-112.5545302
-112.4501854
-112.3573905
-112.2802708
-112.2094554
-112.1333261
-112.0711646
-112.0422387
-111.9940654
-111.9840455
-111.9537809
-111.9178610
-111.8881702
-111.8498118
-111.8136733
-111.7748641
-111.7219712
-111.6403367
-111.5878809
-111.4723892
-111.3803934
-111.2536114
-111.1800435
-111.1300533
-111.0738272
-111.0509597
-111.0067821
-110.9736898
-110.9213364
-110.8703695
-110.8030443
-110.7565308
-110.6567212
-110.6568920
-110.5977630
-110.5750253
-110.5488725
-110.5154456
-110.4979466
-110.4720875
-110.3998514
-110.3336532
-110.3168578
-110.2184006
-110.2297934
-110.2051296
-110.2338574
-110.2337481
-110.2412408
-110.2574147
-110.2633296
-110.2820034
-110.3311261
-110.3108131
-110.3596148
-110.3514322
-110.3626542
-110.3093036
-110.3504077
-110.3304977
-110.3762326
-110.3718886
-110.3945307
-110.3898452
-110.3902892
-110.3862799
-110.3858632
-110.4137372
-110.3868741
-110.4148847
-110.3918328
-110.4091063
-110.3974062
-110.3550113
-110.3718272
-110.3336191
-110.3488572
-110.2900493
-110.3058885
-110.2443349
-110.2773247
-110.2244795
-110.2314463
-110.2049042
-110.1224296
-110.1543949
-110.0422296
-109.9873763
-109.9800407
-109.8895680
-109.8670899
-109.7700329
-109.7443240
-109.6371447
-109.5743684
-109.4775368
-109.3700707
-109.2887299
-109.1871787
-109.0631971
-108.9830653
-108.8558394
-108.7040111
-108.5743195
-108.4755071
-108.2955248
-108.1829086
-108.0251040
-107.8435644
-107.7111885
-107.5455905
-107.3522347
-107.1830919
-106.9799894
-106.8341239
-106.5503295
-106.3366061
-106.0821883
-105.8835664
-105.6339640
-105.3341392
-105.0990851
-104.8272094
-104.5738162
-104.3686305
-104.1317595
-103.8064649
-103.5551071
-103.2834295
-103.0143337
-102.7749834
-102.5164744
-102.2403982
-101.9867181
-101.7564724
-101.4962422
-101.2623629
-101.0736038
-100.8531731
-100.7069797
-100.5471943
-100.4265390
-100.2987666
-100.1754954
-100.0795722
-99.9876310
-99.9927195
-99.9361656
-99.9517452
-99.9261867
-99.9400793
-99.9266921
-99.8918718
-99.9301004
-99.8898910
-99.9287753
-99.8706026
-99.8925206
-99.8675631
-99.8854104
-99.8613545
-99.8547292
-99.8359530
-99.8099915
-99.7958325
-99.7521056
-99.7324552
-99.6530269
-99.6352821
-99.5603071
-99.5276998
-99.5045044
-99.4902362
-99.4324664
-99.3823943
-99.3453200
-99.3078496
-99.2728312
-99.2716291
-99.1713210
-99.1626398
-99.1213718
-99.0478858
-99.0553853
-98.9432405
-98.9629319
-98.8626852
-98.8731081
-98.7977984
-98.7938779
-98.7745006
-98.7174617
-98.7029681
-98.6580664
-98.6304178
-98.5713298
-98.5718011
-98.5173987
-98.5193453
-98.4682076
-98.4574364
-98.4104106
-98.4509204
-98.4153693
-98.4304777
-98.4375059
-98.4367819
-98.4299039
-98.4139008
-98.4494110
-98.4169539
-98.4730161
-98.4416109
-98.4771347
-98.4403883
-98.4854744
-98.4600114
-98.4867243
-98.4863486
-98.5057464
-98.5205815
-98.5596229
-98.5974895
-98.6395429
-98.6672735
-98.6932419
-98.7247905
-98.7713929
-98.8247503
-98.8702462
-98.9485544
-98.9722961
-99.0383509
-99.0592786
-99.1106279
-99.1695315
-99.2195899
-99.2525319
-99.2509678
-99.2463165
-99.2398414
-99.2588225
-99.2757682
-99.2714447
-99.2984923
-99.2777831
-99.3223911
-99.2896062
-99.3007940
-99.2519650
-99.2373621
-99.1920028
-99.1940655
-99.1812384
-99.2204983
-99.2417061
-99.2504146
-99.2579756
-99.2469858
-99.2625450
-99.2364946
-99.2826599
-99.2162295
-99.2654888
-99.1893800
-99.2567120
-99.1752893
-99.1789366
-99.1784449
-99.1788820
-99.1773998
-99.1782741
-99.2163524
-99.2060320
-99.2496359
-99.2377651
-99.2913001
-99.2447523
-99.3092976
-99.2683370
-99.2901116
-99.3255671
-99.3307922
-99.3607016
-99.3675318
-99.4043056
-99.3895182
-99.4595140
-99.4777847
-99.5022368
-99.5236631
-99.5939184
-99.6086307
-99.5703884
-99.6601235
-99.6423103
-99.6773697
-99.6623228
-99.6955448
-99.7033654
-99.7527340
-99.7391078
-99.7896853
-99.7860517
-99.8012557
-99.8575364
-99.8415060
-99.8850689
-99.8864691
-99.9175943
-99.9279762
-99.9377433
-99.9589647
-99.9787381
-99.9987984
-99.9958956
-100.0254839
-100.0386116
-100.0778032
-100.0496013
-100.1040721
-100.1132860
-100.0926862
-100.1114419
-100.1035667
-100.0911630
-100.1153009
-100.0934990
-100.1210383
-100.1214481
-100.1527167
-100.1350607
-100.1127328
-100.1060529
-100.0656864
-100.0439323
-99.9921663
-100.0031970
-99.9576602
-99.9796602
-99.9153130
-99.8887777
-99.7990154
-99.7359386
-99.6190194
-99.5145380
-99.3912667
-99.2947220
-99.1709453
-99.0333580
-98.8943090
-98.7080429
-98.5451156
-98.3446837
-98.1946586
-98.0534786
-97.9531977
-97.8100506
-97.6685359
-97.5167623
-97.3246017
-97.1608958
-96.9484906
-96.7778519
-96.5862241
-96.4530423
-96.2557523
-96.1390039
-95.9690892
-95.8233330
-95.6708422
-95.5216845
-95.3439903
-95.1913834
-95.0217010
-94.8353530
-94.7200389
-94.5473239
-94.4497683
-94.3923332
-94.2049880
-94.1195355
-93.9443411
-93.8509929
-93.5980779
-93.5324192
-93.3413925
-93.1829185
-93.0754045
-92.9065827
-92.7661676
-92.6124201
-92.4796207
-92.2988939
-92.1603435
-92.0137403
-91.8337854
-91.6821073
-91.4834103
-91.3145407
-91.1351390
-90.9541594
-90.7808502
-90.6259620
-90.4607671
-90.2954082
-90.1201455
-89.9705439
-89.7594228
-89.6107022
-89.4126745
-89.2511884
-89.0865330
-88.9531872
-88.7476873
-88.5977100
-88.4053651
-88.2361949
-88.0831919
-87.9208656
-87.7479116
-87.5803192
-87.3947703
-87.2184216
-87.0640662
-86.8938920
-86.7554987
-86.6491117
-86.5567607
-86.4778310
-86.4445612
-86.4091808
-86.3878228
-86.3169801
-86.2968515
-86.2362609
-86.2071233
-86.1463346
-86.0885786
-86.0351801
-85.9570155
-85.9126602
-85.8363670
-85.7911033
-85.7186214
-85.6731733
-85.5998649
-85.5315357
-85.5293432
-85.4454343
-85.3940508
-85.3316092
-85.2914204
-85.2294091
-85.2239517
-85.1517771
-85.1210686
-85.0639546
-85.0495907
-84.9983847
-84.9988082
-84.9552248
-84.8907615
-84.8388520
-84.7676678
-84.7696212
-84.7287289
-84.7317137
-84.6840390
-84.6885264
-84.6620594
-84.6803848
-84.6617725
-84.6596552
-84.6558917
-84.6421153
-84.6502637
-84.6665263
-84.6345611
-84.6468896
-84.6431671
-84.6200128
-84.6396359
-84.5873986
-84.5965579
-84.5745237
-84.5808963
-84.6019196
-84.6067417
-84.6167069
-84.6383518
-84.5861419
-84.6497787
-84.5960456
-84.6238445
-84.6252037
-84.6260848
-84.6734931
-84.6594161
-84.6978291
-84.6520122
-84.6932734
-84.6837316
-84.7081564
-84.7286537
-84.7554349
-84.8082118
-84.8063813
-84.8403410
-84.8469595
-84.8879406
-84.8949893
-84.9300555
-84.9579569
-84.9634347
-85.0047573
-84.9951951
-85.0465376
-84.9850386
-85.0739062
-85.0500551
-85.1328234
-85.1190127
-85.1735245
-85.1698088
-85.1981883
-85.2231731
-85.2468124
-85.2580276
-85.2851366
-85.3290957
-85.3460072
-85.4123352
-85.4572983
-85.5416580
-85.5907466
-85.6550255
-85.7141613
-85.7978242
-85.8509016
-85.9211911
-86.0104070
-86.0786611
-86.1627203
-86.2644696
-86.3314123
-86.4217620
-86.4775100
-86.5458597
-86.5839449
-86.6372203
-86.6297345
-86.6647665
-86.6641791
-86.7025784
-86.7648288
-86.8486830
-86.9225105
-86.9908192
-87.0851851
-87.1715802
-87.2749756
-87.3846001
-87.5053647
-87.5843968
-87.6469340
-87.7286709
-87.7820147
-87.8686693
-87.9153810
-88.0296227
-88.0857327
-88.2194883
-88.2815132
-88.3721567
-88.4140872
-88.5224482
-88.5798081
-88.6681156
-88.7505628
-88.8328803
-88.9107922
-89.0062510
-89.0851192
-89.1969294
-89.2691928
-89.4068825
-89.4597072
-89.5928071
-89.6519975
-89.7776115
-89.8530783
-89.9559410
-90.0565770
-90.1632509
-90.2660247
-90.3504185
-90.4681027
-90.5432689
-90.6733567
-90.7474779
-90.8828796
-90.9551293
-91.0875940
-91.1636687
-91.2807313
-91.3931903
-91.4663007
-91.5404082
-91.6178284
-91.6876876
-91.7518094
-91.8404789
-91.9287933
-91.9990350
-92.0670295
-92.0814822
-92.1428787
-92.1761964
-92.2217538
-92.2376613
-92.2862239
-92.3026778
-92.3729605
-92.4071114
-92.4742795
-92.5234364
-92.5853657
-92.6419675
-92.6925245
-92.7547476
-92.8014251
-92.8351116
-92.9450640
-92.9620575
-93.1146849
-93.1079025
-93.2595054
-93.2710416
-93.4418031
-93.4881255
-93.6652664
-93.7662371
-93.9113308
-94.0475248
-94.1099732
-94.2990533
-94.3220574
-94.4913232
-94.6003808
-94.7758347
-94.8998709
-95.0670330
-95.2097566
-95.3744256
-95.4987897
-95.6614302
-95.8066605
-95.9945044
-96.1309374
-96.2939672
-96.4235973
-96.5905340
-96.7107795
-96.8562898
-96.9959672
-97.0850807
-97.2558422
-97.3972408
-97.5602911
-97.6731805
-97.8732435
-98.0243819
-98.2161942
-98.3421428
-98.5197892
-98.6266612
-98.8335135
-98.9324761
-99.0762857
-99.1855961
-99.2514459
-99.3869091
-99.4138064
-99.5635719
-99.5804015
-99.6884004
-99.7282614
-99.7947533
-99.8164802
-99.8696190
-99.8605144
-99.9410628
-99.9853224
-100.0504141
-100.1201640
-100.1137846
-100.1846683
-100.1722510
-100.2269062
-100.1981033
-100.2686728
-100.2863698
-100.3223513
-100.4467905
-100.4965894
-100.5180635
-100.6185902
-100.6708549
-100.6876230
-100.7445253
-100.7664160
-100.8439182
-100.8593408
-100.9415148
-100.9857402
-101.0322402
-101.0757485
-101.1920734
-101.1788502
-101.3248250
-101.3523165
-101.4199695
-101.4411363
-101.5358164
-101.6364660
-101.8349923
-101.8829061
-101.9973049
-102.2119709
-102.2645702
-102.4056068
-102.5528588
-102.5936419
-102.7212367
-102.8384564
-102.9235878
-103.0486623
-103.1055509
-103.2959766
-103.4139886
-103.5392816
-103.6681399
-103.8163141
-103.9555611
-104.1346214
-104.2322453
-104.4257787
-104.5649028
-104.7790634
-104.9158994
-105.0696948
-105.1993932
-105.3566173
-105.5351243
-105.6439361
-105.8559861
-106.0203205
-106.1987182
-106.3717542
-106.5613193
-106.6817082
-106.9476689
-107.0226098
-107.2119085
-107.3223253
-107.5251273
-107.6613144
-107.8541238
-107.9981520
-108.1569198
-108.2837359
-108.3906079
-108.4716344
-108.5297047
-108.5656861
-108.6048299
-108.6577639
-108.7157180
-108.7675933
-108.8158145
-108.8963219
-108.9547951
-109.0326661
-109.0709562
-109.1268271
-109.2082088
-109.2746256
-109.3938192
-109.4178751
-109.5448279
-109.5886913
-109.7202613
-109.7354994
-109.8326794
-109.8705596
-109.8893631
-110.0018700
-109.9984959
-110.0127368
-110.1172455
-110.1457138
-110.1634381
-110.2270955
-110.2707267
-110.3286945
-110.3767176
-110.4193448
-110.4375336
-110.5008221
-110.5170916
-110.5690421
-110.6084727
-110.6414284
-110.7046760
-110.7273932
-110.8144439
-110.8364508
-110.9358096
-110.9529192
-111.0080593
-111.0209137
-111.0521277
-111.0679054
-111.1081216
-111.1269661
-111.1386389
-111.1500658
-111.2087644
-111.2367204
-111.2967851
-111.2907403
-111.3350409
-111.3392552
-111.3752571
-111.3920116
-111.4104872
-111.4311554
-111.4313261
-111.4757019
-111.4778124
-111.4774026
-111.4846357
-111.4860359
-111.5168537
-111.5174070
-111.5609973
-111.5250295
-111.4817261
-111.3997570
-111.3760357
-111.3396035
-111.3540015
-111.3711522
-111.4032199
-111.4211833
-111.5128649
-111.5567694
-111.5886322
-111.5824645
-111.6017872
-111.6530750
-111.5978530
-111.5795754
-111.5468246
-111.5667688
-111.5505607
-111.4871561
-111.4944507
-111.3901469
-111.3536532
-111.3603400
-111.3040046
-111.2936910
-111.2811166
-111.2932129
-111.2741293
-111.3046398
-111.3215308
-111.3517203
-111.3615148
-111.3412223
-111.3434831
-111.3226920
-111.3525945
-111.3504977
-111.3865406
-111.3603946
-111.3623480
-111.3222890
-111.3576147
-111.3302598
-111.3546368
-111.3408125
-111.3679829
-111.3498693
-111.3707150
-111.3678873
-111.3916496
-111.3995179
-111.3954813
-111.3740482
-111.3527653
-111.3623002
-111.3845393
-111.4124611
-111.4169213
-111.4245916
-111.4385456
-111.4459086
-111.4705519
-111.4803396
-111.5148662
-111.5204054
-111.5349128
-111.5394548
-111.5347215
-111.5171338
-111.5548433
-111.5366545
-111.5833456
-111.5532313
-111.5648768
-111.5417839
-111.5577598
-111.5327066
-111.4974014
-111.4310939
-111.3778457
-111.3416731
-111.3239214
-111.3162033
-111.2620535
-111.2515351
-111.1931574
-111.1829804
-111.1593207
-111.1328195
-111.1189542
-111.0662867
-111.0610684
-111.0085647
-111.0145685
-110.9870223
-110.9495929
-110.9045205
-110.8848495
-110.8494896
-110.8525427
-110.8095330
-110.8307066
-110.7564693
-110.7889810
-110.7444072
-110.7809145
-110.7128039
-110.7077700
-110.6923816
-110.6867262
-110.6884406
-110.7041227
-110.7083574
-110.6770137
-110.6965139
-110.7028933
-110.7399812
-110.7315459
-110.7962278
-110.7938304
-110.8915704
-110.8903342
-110.9897476
-111.0471007
-111.1206140
-111.1731040
-111.2518971
-111.2895792
-111.3431484
-111.4019631
-111.4767059
-111.5517219
-111.6470440
-111.7259600
-111.7889958
-111.8533498
-111.8941192
-111.9504820
-112.0086000
-112.0318295
-112.1014496
-112.1144065
-112.1638844
-112.1537621
-112.1882545
-112.1929947
-112.2336001
-112.2523080
-112.2412090
-112.2762820
-112.2619386
-112.3237996
-112.2954680
-112.3470086
-112.3489279
-112.3764399
-112.4389088
-112.3800052
-112.5044035
-112.4548095
-112.5633139
-112.5496057
-112.6429129
-112.6370321
-112.6310625
-112.6698990
-112.6413966
-112.6996171
-112.7179015
-112.7327913
-112.7688001
-112.8021451
-112.8392877
-112.8287692
-112.8349095
-112.8090163
-112.8067281
-112.8102935
-112.8380924
-112.8608847
-112.8538564
-112.8892505
-112.8613014
-112.8739645
-112.8092143
-112.8022817
-112.7834987
-112.7574210
-112.8173013
-112.7864493
-112.8339123
-112.8218297
-112.8271709
-112.8120420
-112.8204705
-112.8494646
-112.8268294
-112.9077398
-112.8454212
-112.9199727
-112.9220491
-112.9508520
-112.9577709
-112.9750377
-113.0011495
-112.9521360
-113.0047968
-112.9909452
-113.0089017
-112.9917716
-113.0143522
-113.0018666
-112.9856381
-112.9983901
-112.9829197
-112.9812258
-112.9551960
-112.9386054
-112.8996187
-112.8937448
-112.9053288
-112.8550381
-112.8472858
-112.8665264
-112.8573740
-112.8336869
-112.8266177
-112.7944816
-112.7920979
-112.7725226
-112.7717917
-112.7510894
-112.7562667
-112.7271428
-112.7123213
-112.7131204
-112.6746869
-112.6540461
-112.5982298
-112.5989743
-112.5934828
-112.5863794
-112.6076896
-112.5214994
-112.5224898
-112.4786263
-112.4790635
-112.3973129
-112.3050576
-112.2378144
-112.0335371
-112.0679885
-111.8756777
-111.8305507
-111.7123952
-111.6173190
-111.4932486
-111.3433738
-111.1704812
-110.9990093
-110.8481372
-110.6615228
-110.4691984
-110.3583307
-110.1031480
-109.9803754
-109.7304861
-109.5521157
-109.3094459
-109.1299144
-108.8844169
-108.6973175
-108.4687452
-108.1338269
-107.9559005
-107.5911820
-107.2796708
-106.9303749
-106.6716268
-106.3245849
-106.0894215
-105.7499816
-105.4823748
-105.1978496
-104.9140211
-104.6867807
-104.3812322
-104.1650567
-103.8241141
-103.5586520
-103.2599337
-102.9644187
-102.7118998
-102.4463284
-102.1883590
-101.9571912
-101.6712385
-101.3543587
-101.0615280
-100.8379076
-100.5504523
-100.3836113
-100.1044546
-99.8619077
-99.6342029
-99.4105210
-99.0835394
-98.8515725
-98.5584208
-98.2987643
-98.0438002
-97.7732291
-97.4928156
-97.2260899
-96.9344750
-96.6150544
-96.3528639
-96.0635029
-95.8074460
-95.5420658
-95.3087807
-94.9930484
-94.7498253
-94.4390107
-94.1018248
-93.8410823
-93.5190457
-93.1724819
-92.8502609
-92.6002145
-92.2200872
-91.9139513
-91.5785822
-91.1552812
-90.7862461
-90.4265820
-90.0997369
-89.7989149
-89.5023071
-89.1881662
-88.8998571
-88.6125725
-88.2840131
-87.9738884
-87.6268738
-87.2727899
-86.9856898
-86.6545349
-86.3231751
-86.0224418
-85.7045648
-85.3697421
-85.0619328
-84.7205941
-84.4171152
-84.1003310
-83.7917977
-83.4534779
-83.1464951
-82.8479338
-82.4911043
-82.2144679
-81.8794745
-81.5692541
-81.2859174
-81.0260424
-80.7234172
-80.5128902
-80.2216715
-79.9502193
-79.6912048
-79.4041046
-79.1349269
-78.8610568
-78.6339735
-78.3571664
-78.1420769
-77.9117698
-77.5495649
-77.3118538
-77.0383662
-76.7519900
-76.5066769
-76.2587479
-75.9815720
-75.7267854
-75.4718145
-75.1315003
-74.8784828
-74.6260868
-74.3457280
-74.1368882
-73.8217979
-73.5020152
-73.2576174
-72.9770196
-72.6642721
-72.3937146
-72.1858856
-71.8274919
-71.6257691
-71.3250700
-71.1018936
-70.8715113
-70.5045867
-70.1504892
-69.8971234
-69.6219487
-69.3135178
-69.0681911
-68.8325428
-68.4783291
-68.2218829
-67.9654707
-67.5983754
-67.3856970
-67.0371797
-66.7398889
-66.5123958
-66.2131925
-65.9158744
-65.6339720
-65.3828669
-64.9869140
-64.7196556
-64.4100158
-64.0702138
-63.8386226
-63.4502854
-63.0749187
-62.7902022
-62.4746407
-62.0645356
-61.7903718
-61.4786625
-61.0510653
-60.8478057
-60.4539497
-60.0696150
-59.7930606
-59.4776151
-59.1134295
-58.8616072
-58.5549385
-58.1832943
-57.9422159
-57.6100092
-57.2535689
-57.0064937
-56.7233858
-56.3934193
-56.1992951
-55.9023663
-55.5459397
-55.2659088
-54.8685318
-54.5986300
-54.2944031
-54.0403269
-53.7035781
-53.4140771
-53.0525552
-52.7983014
-52.4520484
-52.1566530
-51.8332879
-51.5527276
-51.2974118
-50.9920682
-50.7358985
-50.3941978
-50.1284010
-49.8064190
-49.5579299
-49.2525897
-49.0004021
-48.6853664
-48.4260549
-48.1421137
-47.8402227
-47.5866827
-47.3134546
-47.0789264
-46.8499546
-46.6094500
-46.3868541
-46.1522986
-45.8782372
-45.6490741
-45.3988228
-45.1721084
-44.8848579
-44.6977961
-44.3957208
-44.1995543
-43.9215076
-43.7147099
-43.4299764
-43.2156348
-42.9559476
-42.7100608
-42.4917338
-42.2273918
-41.9929251
-41.6829882
-41.4313367
-41.0835708
-40.8133583
-40.5479508
-40.3013502
-40.0173236
-39.7653955
-39.5059098
-39.2067543
-38.9256955
-38.6338312
-38.2288864
-37.9642814
-37.5688852
-37.2198455
-36.9667050
-36.6283408
-36.2616485
-35.9906607
-35.5550381
-35.2433697
-34.8755914
-34.5536606
-34.1810055
-33.9185794
-33.6288120
-33.2653811
-32.9914256
-32.6434889
-32.2970993
-32.0065123
-31.6761532
-31.3208501
-31.0126618
-30.6623789
-30.3360154
-30.0375874
-29.6575864
-29.3350478
-29.0330988
-28.7082037
-28.3833326
-28.1572568
-27.7808946
-27.5067018
-27.1575135
-26.8342423
-26.5362053
-26.2779217
-25.9319521
-25.6457672
-25.3755598
-25.1070582
-24.7984805
-24.5097718
-24.2495997
-23.8896470
-23.6417077
-23.3434060
-23.0501092
-22.7824494
-22.4953561
-22.2006505
-21.9832371
-21.6432183
-21.3593368
-21.1051838
-20.8442125
-20.5455915
-20.3075799
-20.0374698
-19.7744546
-19.5139171
-19.2395313
-18.9759457
-18.7574224
-18.5254862
-18.2585880
-18.0836242
-17.8465313
-17.5802956
-17.3724308
-17.1490989
-16.9287417
-16.7470296
-16.5631917
-16.3852738
-16.2409468
-16.1368530
-15.9852176
-15.9254740
-15.8211941
-15.7498237
-15.6787436
-15.5951643
-15.5166547
-15.3969369
-15.3116278
-15.1825082
-15.1201366
-15.0340523
-14.9497661
-14.8533597
-14.7970413
-14.6821644
-14.6182355
-14.5106105
-14.3582427
-14.2318722
-14.0363162
-13.9060432
-13.7384602
-13.5891156
-13.4368391
-13.3393927
-13.1593805
-12.9658138
-12.8174152
-12.6133872
-12.5258711
-12.3965731
-12.3394795
-12.1890105
-12.1019938
-11.9469298
-11.8560942
-11.7757814
-11.6666231
-11.6218239
-11.5722700
-11.5548009
-11.5393092
-11.5391897
-11.5730828
-11.5661433
-11.5073405
-11.5259246
-11.5050678
-11.5715690
-11.5840077
-11.6985696
-11.7388976
-11.8450831
-11.9172978
-11.9838401
-12.0814751
-12.1395513
-12.2559787
-12.3088564
-12.4636575
-12.5324580
-12.6262168
-12.7471564
-12.7740358
-12.8884158
-12.9525274
-13.0652247
-13.1759164
-13.2674077
-13.4014817
-13.4861923
-13.6680896
-13.6865474
-13.8495174
-13.8965671
-14.0206085
-14.0945598
-14.1662119
-14.2661231
-14.3223227
-14.4224447
-14.4780015
-14.6299220
-14.6100359
-14.6630740
-14.6711217
-14.6931917
-14.7484258
-14.7765679
-14.8024765
-14.8422913
-14.8761196
-14.9261097
-14.9402858
-14.9822932
-14.9664932
-14.9684398
-14.9622500
-15.0103038
-15.0061988
-15.0638132
-15.0482984
-15.0883318
-15.0640454
-15.0862947
-15.0624710
-15.0421359
-15.0469426
-15.0718694
-15.0620629
-15.0853505
-15.0561565
-15.0785356
-15.0693149
-15.0452436
-15.0625974
-15.0325907
-15.0734915
-15.0801032
-15.1226399
-15.1240759
-15.1179971
-15.1139809
-15.1172594
-15.0707100
-15.0789830
-15.0655754
-15.0632497
-15.0346534
-15.0211108
-14.9870623
-14.9671267
-14.9513746
-14.9555632
-14.9250647
-14.9269242
-14.8675835
-14.9117851
-14.8704369
-14.9210451
-14.9090206
-14.9306928
-14.8998528
-14.9087132
-14.8951860
-14.9060921
-14.8890662
-14.8730665
-14.8439699
-14.8306886
-14.8256769
-14.8243638
-14.8230951
-14.8017064
-14.8145386
-14.8042762
-14.8105019
-14.7855649
-14.7688600
-14.7747937
-14.7433373
-14.7344888
-14.7177121
-14.7242418
-14.7094015
-14.7128524
-14.7019958
-14.7052675
-14.6576064
-14.6114241
-14.5656465
-14.5593695
-14.5665190
-14.5667496
-14.5748365
-14.5399906
-14.5581965
-14.4781688
-14.4744822
-14.3424410
-14.3656927
-14.2770292
-14.2610918
-14.2116941
-14.1962118
-14.1425333
-14.1455788
-14.0408813
-14.0656135
-14.0034656
-13.9606224
-13.9786088
-13.8791433
-13.8900144
-13.7896064
-13.7951474
-13.7238632
-13.6999251
-13.6441703
-13.7150335
-13.6994837
-13.7477151
-13.7215341
-13.7030226
-13.6860650
-13.6019794
-13.5286539
-13.4709319
-13.4794757
-13.4463535
-13.4220910
-13.3296427
-13.2978643
-13.1961415
-13.1052778
-12.9357576
-12.8226437
-12.7497203
-12.6163464
-12.5401129
-12.4762438
-12.3595355
-12.2879218
-12.1262154
-12.0793082
-11.9153905
-11.7538856
-11.6154274
-11.4314477
-11.3196298
-11.1366337
-11.0239868
-10.9142555
-10.7817208
-10.7651747
-10.5552821
-10.5059827
-10.3094927
-10.2245089
-10.0497107
-10.0039177
-9.8834348
-9.7429199
-9.6243205
-9.4883426
-9.3392703
-9.1652772
-9.0612824
-8.8172346
-8.6825220
-8.4308099
-8.2648337
-8.0449537
-7.8554748
-7.5307156
-7.3368603
-7.0207532
-6.7352269
-6.4353974
-6.1313362
-5.9092393
-5.5640471
-5.3211583
-4.9891625
-4.7265899
-4.4469202
-4.0578295
-3.8580225
-3.4450411
-3.1437184
-2.8279786
-2.5348416
-2.2017439
-1.9239595
-1.5578839
-1.2589072
-0.9117723
-0.6651962
-0.3241106
-0.0901266
0.2109044
0.4929600
0.7319971
0.9947592
1.3456525
1.6209202
1.8949771
2.2279415
2.4001131
2.6480748
2.8380422
2.9966635
3.0700827
3.2133274
3.2383895
3.3886733
3.4678042
3.5212353
3.5594730
3.5974918
3.6128713
3.6515848
3.7015771
3.7678615
3.8103115
3.8971335
3.9508615
4.0570824
4.0804669
4.1907142
4.2414207
4.3143838
4.3865558
4.4614501
4.5898414
4.6028423
4.6813259
4.7277233
4.8134606
4.8700704
4.9549979
5.0046269
5.1152657
5.1999938
5.2601067
5.3863397
5.3998118
5.5448564
5.5706280
5.7180593
5.7539823
5.8705113
5.9359219
6.0245419
6.0850006
6.1327991
6.2274058
6.2938452
6.4191945
6.4550871
6.6277658
6.7346301
6.9252812
7.0547555
7.2467095
7.4303494
7.5944557
7.7841113
8.0328839
8.2561670
8.5079090
8.7815358
9.0543831
9.3506681
9.6356219
9.9274896
10.2315534
10.5372043
10.9120622
11.3072706
11.6714571
12.1177972
12.5072187
12.9309201
13.3503902
13.8002418
14.1726792
14.5772629
14.9670652
15.3396196
15.7088562
16.0470718
16.3724620
16.7002770
17.0275967
17.3639562
17.6834776
18.0151447
18.2764012
18.5683235
18.7814117
19.0152535
19.2299980
19.4198858
19.6499556
19.8006740
20.0257117
20.1496916
20.3540167
20.5242181
20.6965267
20.8888819
21.0811808
21.2743556
21.4048088
21.5979051
21.7915973
21.9204983
22.1412193
22.2511785
22.5135654
22.6174867
22.8218733
22.9629235
23.1235201
23.3113144
23.4151555
23.5902269
23.7574350
23.9320574
24.0577345
24.1709637
24.2600943
24.3911502
24.4680718
24.5986821
24.7168854
24.8267951
24.9722217
25.1463591
25.2739112
25.4515525
25.5966393
25.7868721
25.9385262
26.1156193
26.2646199
26.4632333
26.6108149
26.8076114
27.0046589
27.1940908
27.3836798
27.5760316
27.7615020
27.9359518
28.1306890
28.3069814
28.5015700
28.6713207
28.8651342
29.0603785
29.2600113
29.4476912
29.6352175
29.8232594
30.0229844
30.2069795
30.3931397
30.5904024
30.7682434
30.9676815
31.1615531
31.3432327
31.5359191
31.7137909
31.8896854
32.0691759
32.2623883
32.4759444
32.6768373
32.8989244
33.0989055
33.3324877
33.5473723
33.7623764
34.0291772
34.2478765
34.4945897
34.7366312
34.9955466
35.2513713
35.4719249
35.7655172
35.9630838
36.2532098
36.4993800
36.7111227
36.9349173
37.1421896
37.3973450
37.6176289
37.8651549
38.0793735
38.3243690
38.5283253
38.7369671
38.9484434
39.1571364
39.3577083
39.5674225
39.7826281
39.9671046
40.1867362
40.3739824
40.5687487
40.7696143
40.9619388
41.1705942
41.3649165
41.5816623
41.7835149
42.0014526
42.1834293
42.3955989
42.5949414
42.7891988
42.9910821
43.1633600
43.3747475
43.5600915
43.7971708
44.0007924
44.1922392
44.4060343
44.6124871
44.8014920
44.9487919
45.0942988
45.2482001
45.4183742
45.6008188
45.7543717
45.9397806
46.1401169
46.2992706
46.4767325
46.6612877
46.8160222
46.9804317
47.1421057
47.3037728
47.5152901
47.6404021
47.7982717
47.9555129
48.1831938
48.3792920
48.5404640
48.7658875
48.8773665
49.0828664
49.2312112
49.4305332
49.7222472
49.9556348
50.2294331
50.4952641
50.7350447
51.0068999
51.2515163
51.5548211
51.9058177
52.3023716
52.7192966
53.0639104
53.3820504
53.6755914
53.9195487
54.1755408
54.4427275
54.7548740
55.0248441
55.3259666
55.5976613
55.8802228
56.1702668
56.3753501
56.6570680
56.8756477
57.1609413
57.3928502
57.7041907
57.9933672
58.2623606
58.5685716
58.7605955
59.0337621
59.2423834
59.4756617
59.6769064
59.9280798
60.2098524
60.3914193
60.6232564
60.8185794
61.0347139
61.1425284
61.2986802
61.4619080
61.6189546
61.7862601
61.9564274
62.1433765
62.2079150
62.3020008
62.3253191
62.3887852
62.4603792
62.4892778
62.5502031
62.5648128
62.6486671
62.7053167
62.7508877
62.7847927
62.8177552
62.9047377
62.9581156
63.0688945
63.1491014
63.2455300
63.3169259
63.5001184
63.5431623
63.7076606
63.8058241
63.9563068
64.0210980
64.1950629
64.3017163
64.4728740
64.6112878
64.7269707
64.8168560
64.9800429
65.1105131
65.3037528
65.4939941
65.6148748
65.7659791
65.9320688
66.0898120
66.2278774
66.4448247
66.5867219
66.7954388
67.0710575
67.3043767
67.4943106
67.7453884
67.9380270
68.1304813
68.3538148
68.5946951
68.8404385
69.1413561
69.3953913
69.6629503
69.9570719
70.1739168
70.4079122
70.6775886
70.9467868
71.1394391
71.3877643
71.6025533
71.8392467
72.1077004
72.2827309
72.5351132
72.7403057
73.0050234
73.2207617
73.4340890
73.5876658
73.7495140
73.9511685
74.1166913
74.3164743
74.5281009
74.6779553
74.8919451
75.1163100
75.2823587
75.4701957
75.6629505
75.8714557
76.0546892
76.2901053
76.4708253
76.6594341
76.8724336
77.0833635
77.2701828
77.5111587
77.7156887
77.8687669
78.0788226
78.2875873
78.4497838
78.6854595
78.8540559
79.0434570
79.2433835
79.4776180
79.6786100
79.9007755
80.1301674
80.3291513
80.5658925
80.7910770
80.9760112
81.2460223
81.4664461
81.6655120
81.8983873
82.1064690
82.2869977
82.5191012
82.7317318
82.9250808
83.1661250
83.3831748
83.5553912
83.7722770
84.0007127
84.1695959
84.4038714
84.6164747
84.7457634
84.9283890
85.1066364
85.2322163
85.3974590
85.5405447
85.6468702
85.7910692
85.9178512
86.0336297
86.1609308
86.2704392
86.3468280
86.4253752
86.5147004
86.5784671
86.6550198
86.7231305
86.7929008
86.8476585
86.9174562
86.9693110
87.0156743
87.0606443
87.0962569
87.1457279
87.2011139
87.2363645
87.2766490
87.3071799
87.3375333
87.3672924
87.4171733
87.4704215
87.5250425
87.5752170
87.6276524
87.7207752
87.8200179
87.8889823
87.9861964
88.0981568
88.2579901
88.3686665
88.5062128
88.5876628
88.7032774
88.8567040
88.9580162
89.0762467
89.1872510
89.2747730
89.3989185
89.4385268
89.4976216
89.4918364
89.5787574
89.6787992
89.8028628
89.8033682
89.8826803
89.8725922
89.8661240
89.8672373
89.9044140
89.9964781
89.9823601
90.0275623
90.0831054
90.2525966
90.4055313
90.4609788
90.5047467
90.4879034
90.5313024
90.5276961
90.5493888
90.5687797
90.6178136
90.6667041
90.7239957
90.7405589
90.7787875
90.8288323
90.8691646
90.9273373
90.9703402
91.0307668
91.0476852
91.0667346
91.0606489
91.0680119
91.0933041
91.1166496
91.1343125
91.1088359
91.0846912
91.0839057
91.1221275
91.1581021
91.2075731
91.2378855
91.2414099
91.2287330
91.2503438
91.2457607
91.2477073
91.2124157
91.2109609
91.1750068
91.1650552
91.1847944
91.1361157
91.1539015
91.1823902
91.2376328
91.3097801
91.3590667
91.4873786
91.6800788
91.8176456
92.0143551
92.1107495
92.1757319
92.3154366
92.4351698
92.5373700
92.6134651
92.6492416
92.6782426
92.7253709
92.6957552
92.7136708
92.8270451
92.9899588
93.0602824
93.0825420
93.0530493
93.1004576
93.1243428
93.0841061
93.0686494
92.9880190
92.8967814
92.8215878
92.7461006
92.6537291
92.6067169
92.5320834
92.4455859
92.3424227
92.2170682
92.0945893
91.9600756
91.8146677
91.6805296
91.5076711
91.3202917
91.1283498
91.0021757
90.8165858
90.6516026
90.4834365
90.3072517
90.0868893
89.9711313
89.7761909
89.6150052
89.4966654
89.3621175
89.2409294
89.1520413
89.0331004
88.9102458
88.8289939
88.7804654
88.7395389
88.7244783
88.7246491
88.7197655
88.7481176
88.7498662
88.8328939
88.8738546
88.9989017
89.1180407
89.2029058
89.3155766
89.4255085
89.5415056
89.6338839
89.7687460
89.8696142
89.9797578
90.1050576
90.2163761
90.3275989
90.4668186
90.5461034
90.6780490
90.8141747
90.9159104
91.0368730
91.1282336
91.2218414
91.3131474
91.3894884
91.4871669
91.5390627
91.5905418
91.6863694
91.7470215
91.8145789
91.8159791
91.8580735
91.8400008
91.8855923
91.8818426
91.9023536
91.9363611
91.9593584
92.0203656
92.0447289
92.0737982
92.0822608
92.1367316
92.1848776
92.2181201
92.2285088
92.2719898
92.3261190
92.3376416
92.3633299
92.3484947
92.3889431
92.4029382
92.4312152
92.4680709
92.4629755
92.5056574
92.4872364
92.5316873
92.5105751
92.5028024
92.4913345
92.4518355
92.4761920
92.4246104
92.4185452
92.3799546
92.3627015
92.3640607
92.3226903
92.3135652
92.2802407
92.3320681
92.2492726
92.2698793
92.1690520
92.1714084
92.1327837
92.0921987
92.0229133
91.9609362
91.9619334
91.9539079
91.9533546
91.9445437
91.9558613
92.0088909
92.0326873
92.0094032
91.9980173
91.9774106
91.9793503
91.9767549
91.9574186
91.9144157
91.8721232
91.8234991
91.8314631
91.8106310
91.7844987
91.7616586
91.7344881
91.7275827
91.6740545
91.5699966
91.4988739
91.3773648
91.2934081
91.1987144
91.0833115
91.0096479
90.9166071
90.8155066
90.6980205
90.6096789
90.4812850
90.3697343
90.2749723
90.1820339
90.0970390
89.9907066
89.8809182
89.7894619
89.6674064
89.6216852
89.5328722
89.4966517
89.4547690
89.3974569
89.4253650
89.3876487
89.3294692
89.2432244
89.2044221
89.2056105
89.1810697
89.1546368
89.1577514
89.1818824
89.2221328
89.1912535
89.2140458
89.1946139
89.2093603
89.2976132
89.2774163
89.3287042
89.3023602
89.3109252
89.3247700
89.2837889
89.3062943
89.2698963
89.3075852
89.3055225
89.3193195
89.3303844
89.3284173
89.3725199
89.3656692
89.3949024
89.4168614
89.4333905
89.4759562
89.5352286
89.5850617
89.6584521
89.7009495
89.7521418
89.7809993
89.8398141
89.8744158
89.9147549
89.9460235
89.9649431
90.0116958
90.0532370
90.1017996
90.1285330
90.1431155
90.1927300
90.2544202
90.2492224
90.3053120
90.3588470
90.4465330
90.5088106
90.5590945
90.6425457
90.6719087
90.7008141
90.6990655
90.7499846
90.6891003
90.7112438
90.7103422
90.7670874
90.8128770
90.8213669
90.8203560
90.9155074
90.9365649
91.0829973
90.9859403
91.0901553
91.0014244
91.0204806
90.9799161
90.9902707
91.0104948
91.0193604
91.0282055
91.0123663
91.0370096
91.0311152
91.0349879
91.0361422
91.0298379
91.0386216
91.0173182
91.0369755
91.0443794
91.0699311
91.1041231
91.1233637
91.1585460
91.1602331
91.1816662
91.1970068
91.1772744
91.1969180
91.1807851
91.1827864
91.1821170
91.1689757
91.1824107
91.1550353
91.1748224
91.1532526
91.1603697
91.1380828
91.1264851
91.1413339
91.1296338
91.1338822
91.1296953
91.1194500
91.1222162
91.1003938
91.0993283
91.0840560
91.0812693
91.0678479
91.0702180
91.0496591
91.0574865
91.0496523
91.0482453
91.0451854
91.0453903
91.0203098
91.0243191
91.0133840
91.0267097
91.0188345
91.0262316
91.0687700
91.0199751
91.0716250
91.0499597
91.0557107
91.0069022
91.0755729
91.0062055
90.9840825
90.9841918
91.0075305
91.0306917
90.9849431
91.0417361
91.0309991
91.0376448
91.0237522
90.9800595
90.9525748
90.9760843
90.9805718
90.9911039
90.9860359
90.9987742
90.9787891
90.9939794
90.9646711
91.0383620
90.9748003
90.9977087
90.9675534
90.9993890
90.9786867
90.9534081
90.9704494
90.9313808
90.9825730
90.9380334
90.9603817
90.9460110
90.9353559
90.9155620
90.9522128
90.9426369
90.9352466
90.9336484
90.9683731
90.9688375
90.9647872
90.9606003
90.9465438
91.0093200
90.9478415
91.0256305
90.9682570
91.0523434
91.0123868
91.0544539
91.0169562
91.0216690
90.9824364
91.0120385
91.0244079
91.0329252
91.0406843
91.0590165
91.0245036
91.0160683
90.9939248
90.9403420
90.9785842
90.9663308
90.9746705
90.9508058
90.9604022
90.9654224
90.9581756
90.9392355
90.9303767
90.9296254
90.9249399
90.9234031
90.9358340
90.9828599
90.9650946
90.9561812
90.9155211
90.8664257
90.8386200
90.7375741
90.7251364
90.6807538
90.6464526
90.6764576
90.5896937
90.5884643
90.5719216
90.5582748
90.5202648
90.5204766
90.4832999
90.4710328
90.5019463
90.5272931
90.4465330
90.5152515
90.4558903
90.4610198
90.4442039
90.3790643
90.3488954
90.3754580
90.3160217
90.2686338
90.2344556
90.2319216
90.2308561
90.1412986
90.1474868
90.0772929
90.0975308
90.0363255
90.0115182
89.9574846
89.9103358
89.9328071
89.9061420
89.8144058
89.8437892
89.8746139
89.8871678
89.8368498
89.8787462
89.8617663
89.8074390
89.7744423
89.8265977
89.8689926
89.8152527
89.8180394
89.7784585
89.7782536
89.7972757
89.7710682
89.7712117
89.6978144
89.7216996
89.7158120
89.7148899
89.7026502
89.7061746
89.7308043
89.7514451
89.6862919
89.7847149
89.7916066
89.8647784
89.8707139
89.9759466
89.9750860
90.0103776
89.9909730
90.0382584
89.9894021
89.9886302
89.9649431
90.0206092
90.0409017
90.1324740
90.1935291
90.2494137
90.2900328
90.2778683
90.3089798
90.3362254
90.3593661
90.4173680
90.4566553
90.4831701
90.4786827
90.4181603
90.4311650
90.4383231
90.4872545
90.5179904
90.6001439
90.6435634
90.7091606
90.6703583
90.6734250
90.6292132
90.6279906
90.6228543
90.5461444
90.4986883
90.4810596
90.5322860
90.6033951
90.6714238
90.6921056
90.7364403
90.7548545
90.7845522
90.8352800
90.8247683
90.8409422
90.8816980
90.9229728
90.9595348
90.9700123
91.0304800
91.0231853
91.0205079
91.0499255
91.0237386
91.0456362
90.9875249
91.0233834
90.9444333
90.9360799
90.9608462
90.9101252
90.9598490
90.8251645
90.8916974
90.8172415
90.7983560
90.8011086
90.7970924
90.7936637
90.7440697
90.7542398
90.7110593
90.7181013
90.6891823
90.6843465
90.6642452
90.6569779
90.6508854
90.6469102
90.6360092
90.6044811
90.6372113
90.6128617
90.5926307
90.5620656
90.5661364
90.5352434
90.4466627
90.4294165
90.4634377
90.3904503
90.3754375
90.3306998
90.3963106
90.3750277
90.3353306
90.3046699
90.2383829
90.1860637
90.0876543
90.0314350
90.0101727
89.9582564
89.9139831
89.8523065
89.8007727
89.7117070
89.6276684
89.5630548
89.4476656
89.3998748
89.2836454
89.1869709
89.1088267
88.9996462
88.9265700
88.8170206
88.7326541
88.6011524
88.4912479
88.3537288
88.1582557
88.1028423
87.9439175
87.8480899
87.7015209
87.6182063
87.5292226
87.3747920
87.2294456
87.0829517
86.9959555
86.8560528
86.7395844
86.5912122
86.5037311
86.3480574
86.2487123
86.0214173
85.8326241
85.7025226
85.4798038
85.2528503
85.0754156
84.8041068
84.5068365
84.2929287
84.1025849
83.8306273
83.6057570
83.3432933
83.0122887
82.7190345
82.3632636
81.9681440
81.7236915
81.2024525
80.8045666
80.3980201
80.1695366
79.7728666
79.6332097
79.2990973
78.9817599
78.6242951
78.3155091
77.9476488
77.5764280
77.1443707
76.7225109
76.4620143
76.0469437
75.6906537
75.4737133
75.1706646
74.9467915
74.7113207
74.5311130
74.2740452
74.0364707
73.8751007
73.6523682
73.4670583
73.2547761
73.0692954
72.9352735
72.7670801
72.6332288
72.4252359
72.2665296
72.0852496
71.9321099
71.7383989
71.5483489
71.3891645
71.1687270
70.9685683
70.7725214
70.5615642
70.3518159
70.1568481
69.9501666
69.7331920
69.5429644
69.3323009
69.1491903
68.9479798
68.7424048
68.5309079
68.3400998
68.1235623
67.9128441
67.6931784
67.4749675
67.2342580
67.0526843
66.8030067
66.5932174
66.3529928
66.1212035
65.8484878
65.5742147
65.3544465
65.1038605
64.9495802
64.7354948
64.4546579
64.2535908
63.9785322
63.7045528
63.5282247
63.3217002
63.1465537
62.9100447
62.7170099
62.4888816
62.3312204
62.0622885
61.8390233
61.6196103
61.3970144
61.2046831
61.0135130
60.8623950
60.6649138
60.4920758
60.3167654
60.1597461
60.0539124
59.9470609
59.8634047
59.8074723
59.7570723
59.6924656
59.6228864
59.5605268
59.5106459
59.4556083
59.3915069
59.3450822
59.3156167
59.2854683
59.2627101
59.2479227
59.2378482
59.2564263
59.2329031
59.2179450
59.1934724
59.1687608
59.1571905
59.1455655
59.1453879
59.1648949
59.1485435
59.1752153
59.1634333
59.1914575
59.1944355
59.2164424
59.2214011
59.2367280
59.2374589
59.2355601
59.2922575
59.3183010
59.3564203
59.3982757
59.4603074
59.5783058
59.6350169
59.7346420
59.8236325
59.8976035
60.0341799
60.1520963
60.2926001
60.4013641
60.4903614
60.6274297
60.7287214
60.8583037
60.9518295
61.0983985
61.2374885
61.2995886
61.4728432
61.5636847
61.7055545
61.8354169
61.9500070
62.0578625
62.1851909
62.3560754
62.4414323
62.5720597
62.7225424
62.7834062
62.9499809
63.0509652
63.1278390
63.2224576
63.3193438
63.4208063
63.5307792
63.6481013
63.7515309
63.8721247
63.9985105
64.0914284
64.2071591
64.3242559
64.4176314
64.5198794
64.6011313
64.6748632
64.7913589
64.8852603
64.9996523
65.1013743
65.2004462
65.3145104
65.4158294
65.5360544
65.6116851
65.7169656
65.8239674
65.9070839
65.9749897
66.0253623
66.0695673
66.1941295
66.3174212
66.4587037
66.5601525
66.6784718
66.7269662
66.7426483
66.7958213
66.7475114
66.7971122
66.8383802
66.9536055
66.9994019
67.1202826
67.1837556
67.2717899
67.3175317
67.4071711
67.4875761
67.5802686
67.6799961
67.7030685
67.7512965
67.7450674
67.7843956
67.8377462
67.8415916
67.8873880
67.8608732
67.8747248
67.8644386
67.8557574
67.8517617
67.8341194
67.8568434
67.8136288
67.8408608
67.8140523
67.8149265
67.8172556
67.8079256
67.8305267
67.8346453
67.8329036
67.8305540
67.8893141
67.8985007
67.9362102
67.9501438
67.9834751
68.0285407
68.0244289
68.0758602
68.0802247
68.1171487
68.1367377
68.1811203
68.1857990
68.1993842
68.2670577
68.3193497
68.4060999
68.4289810
68.4961628
68.5439399
68.5447118
68.5769639
68.6206771
68.6680650
68.7096335
68.7600608
68.8000037
68.8123391
68.8229737
68.8304186
68.8333624
68.8625000
68.8826490
68.9299413
68.9737911
68.9798836
69.0122997
69.0392379
69.0496540
69.0418402
69.0556304
69.0858198
69.0825550
69.1035988
69.1145749
69.1552760
69.1901920
69.1738336
69.1859094
69.1751382
69.1995903
69.1964416
69.1762037
69.2061404
69.2202789
69.2602082
69.2499834
69.2304354
69.2513495
69.2391303
69.2449701
69.2538561
69.2466640
69.2617245
69.2553929
69.2398201
69.2443417
69.2326552
69.2339461
69.2001572
69.1678641
69.1838945
69.1822416
69.1703503
69.1595995
69.1324154
69.1615598
69.1478038
69.1534592
69.1594561
69.1213915
69.1302912
69.1230034
69.1157634
69.0903414
69.0686282
69.0584786
69.0569213
69.0788872
69.0759434
69.0633690
69.0345046
69.0350988
69.0165207
69.0176409
69.0311988
68.9967268
69.0067467
68.9896917
68.9811540
68.9662847
68.9780873
68.9741872
68.9779780
68.9781897
68.9751230
68.9775887
68.9794670
68.9993428
69.0123611
69.0394224
69.0688468
69.0712920
69.0855808
69.1047053
69.1329823
69.1556722
69.1878150
69.2334475
69.2972893
69.3239885
69.3500184
69.3769840
69.3761302
69.4383805
69.4344395
69.4600732
69.4471983
69.4723471
69.5123105
69.5220913
69.5657567
69.5269203
69.5725255
69.5893755
69.6125162
69.6293731
69.6308484
69.6549453
69.7028113
69.6785778
69.7032280
69.6969715
69.7224754
69.7173323
69.7067728
69.7017731
69.7107617
69.7087809
69.7137260
69.7246269
69.7262730
69.7334515
69.7618037
69.7631014
69.7610797
69.7632175
69.7668307
69.7717416
69.7366071
69.7732920
69.7430548
69.7670083
69.7401110
69.7674044
69.7687636
69.7645016
69.7540992
69.7601986
69.7682992
69.7660589
69.7653622
69.7734013
69.7883594
69.8034815
69.8066643
69.8125861
69.8130164
69.8116640
69.8264446
69.8372841
69.8340602
69.8716536
69.8741808
69.9385689
69.9404199
69.9464237
69.9501393
69.9310694
69.9647696
70.0065771
69.9958742
70.0544431
70.0241171
70.0479134
69.9572495
70.0258314
70.0215694
70.0123896
70.0177718
70.0416843
70.0432348
70.0274570
69.9887162
69.9545174
69.9915917
69.9892968
69.9993918
69.9990639
70.0312888
70.0528790
70.0451199
70.0829113
70.0487262
70.0588076
70.0213235
70.0205790
69.9986336
69.9648993
69.9522908
69.9688882
69.9882927
70.0186393
70.0585890
70.0759924
70.1068648
70.1112703
70.1066462
70.0832733
70.0649753
70.0335086
70.0452292
70.0383239
70.0549417
70.0594838
70.0563487
70.0764841
70.0738135
70.0800836
70.0917769
70.0716688
70.0569908
70.0546344
70.0493410
70.0428386
70.0512739
70.0477359
70.0536850
70.0499625
70.0624618
70.0543407
70.0368895
70.0154291
69.9996991
69.9477077
69.9122727
69.8644955
69.8409519
69.8104209
69.7796373
69.7529654
69.7621588
69.7373721
69.7322426
69.6978799
69.6668299
69.6439487
69.6212110
69.5987124
69.5586602
69.5599374
69.5633252
69.5488179
69.5501156
69.4983428
69.4962322
69.4285519
69.4268034
69.4268580
69.4032392
69.4179583
69.3933286
69.3976453
69.3923587
69.3899682
69.3847704
69.3538160
69.3518420
69.3425735
69.3409957
69.3269802
69.2953017
69.3035799
69.2908006
69.2962238
69.3027945
69.2773178
69.2897693
69.2618270
69.2619499
69.2687938
69.2583777
69.2511924
69.2433923
69.2127726
69.2030942
69.2012569
69.2070352
69.1534319
69.1532884
69.1354343
69.1309469
69.1138031
69.0702060
69.0785662
69.0437527
69.0711964
69.0734845
69.0371001
69.0400849
69.0073205
69.0218961
69.0092602
68.9846511
68.9731149
68.9568249
68.9783058
69.0192255
68.9903611
69.0153733
69.0070063
69.0289312
69.0361097
69.0387530
69.0453919
69.0399483
69.0754516
69.0972262
69.1189189
69.1527147
69.1823167
69.1930128
69.1971997
69.2248074
69.1936480
69.2141318
69.1967353
69.2105323
69.2180591
69.2499698
69.2067552
69.1849464
69.2118846
69.2326143
69.2476270
69.2706926
69.2971664
69.3498271
69.3485021
69.3515142
69.3511044
69.3300811
69.3419519
69.3476142
69.3622512
69.3777763
69.3723258
69.3677700
69.3814099
69.4277664
69.4096801
69.4239415
69.4282650
69.4491039
69.4662272
69.4630512
69.4746352
69.4738565
69.5096604
69.5374593
69.5372680
69.5425887
69.5528135
69.5477045
69.5725050
69.5835562
69.5901542
69.5800933
69.5943889
69.6381841
69.6366199
69.6183355
69.6238885
69.6294209
69.6584766
69.6636197
69.6796092
69.6663313
69.6906877
69.7078178
69.7071621
69.7089995
69.7143065
69.7141904
69.7280284
69.7353094
69.7566878
69.7530678
69.7914672
69.8020335
69.8022998
69.8167525
69.7947183
69.8523446
69.8564769
69.8762162
69.8792283
69.8780330
69.8699734
69.8596051
69.8981957
69.8982367
69.9029563
69.9053469
69.8966043
69.8864478
69.8974854
69.8787980
69.8557597
69.8649054
69.8720429
69.8826229
69.8833810
69.8734089
69.8468805
69.8451593
69.8095398
69.8269500
69.7939875
69.8125588
69.8106190
69.7967537
69.7832095
69.7546866
69.7775951
69.7551852
69.7172503
69.7151057
69.6814123
69.6795204
69.6987542
69.7035968
69.6882698
69.7484233
69.6868560
69.7308014
69.6773484
69.6902301
69.6373098
69.6483269
69.6141555
69.6134110
69.6270577
69.5980225
69.6115532
69.5669998
69.5612898
69.5501634
69.5192363
69.5458809
69.4847780
69.4917380
69.4917448
69.4890264
69.4994902
69.4682763
69.4752431
69.4584203
69.4504700
69.4690617
69.4458937
69.4719373
69.4395417
69.4351294
69.4646973
69.4348357
69.4710562
69.4257857
69.4246177
69.4254237
69.4044823
69.4269195
69.4039700
69.4521912
69.4531337
69.4719987
69.5008563
69.4834393
69.5073586
69.5204657
69.5244887
69.5430600
69.5518641
69.5886037
69.5950036
69.5841368
69.6401921
69.6683325
69.7043003
69.6997992
69.7187940
69.7403295
69.7616192
69.7956541
69.7962141
69.8438411
69.8184806
69.8307476
69.8797542
69.8662099
69.8881417
69.8708749
69.9034140
69.9167806
69.9467447
69.9588068
69.9526050
70.0089540
69.9987019
70.0193701
69.9975408
70.0151627
70.0360836
70.0421488
70.0673180
70.0318284
70.0413770
70.0307902
70.0297998
70.0266511
69.9927870
70.0123965
70.0044530
70.0152583
70.0297383
70.0304213
70.0312478
70.0481935
70.0521687
70.0588144
70.0755416
70.0964419
70.1148152
70.1318906
70.1565203
70.1702695
70.1770313
70.2054927
70.2189277
70.2415903
70.2511457
70.2615959
70.2556537
70.2605236
70.2457362
70.2343571
70.2569446
70.2427378
70.2140988
70.1918733
70.1439254
70.1546352
70.1363166
70.1231275
70.0864357
70.0516974
70.0356259
70.0015843
70.0189398
69.9808068
69.9442995
69.9333097
69.9115897
69.9015288
69.8660050
69.8647483
69.8519417
69.8364371
69.8256864
69.8009065
69.7885917
69.7767481
69.7485258
69.7531020
69.7202010
69.7371262
69.7110280
69.7026337
69.6903735
69.6818700
69.6852304
69.6620078
69.6603822
69.6528348
69.6348646
69.6370912
69.6244349
69.6388261
69.6002629
69.6016016
69.6056109
69.6125367
69.5973942
69.5706540
69.5772724
69.5675121
69.5845807
69.5659411
69.5664398
69.5788229
69.5863156
69.5843622
69.5880846
69.5631135
69.5547465
69.5606068
69.6073662
69.6100232
69.6557991
69.6723896
69.6852099
69.7080774
69.6716861
69.6572335
69.6300288
69.6144082
69.6590708
69.7492293
69.7436695
69.7964464
69.8266426
69.8212126
69.8104688
69.7793231
69.7879018
69.7548574
69.7861396
69.7724383
69.7761607
69.7762358
69.7751703
69.7821986
69.7583544
69.7619129
69.7536552
69.7507524
69.7409784
69.7245040
69.7208020
69.7146822
69.7105158
69.7052770
69.6944443
69.6982829
69.6939252
69.6839395
69.6955440
69.7099967
69.7594746
69.7958043
69.8745086
69.9684510
70.1285302
70.3255811
70.5520975
70.8026015
71.1046188
71.3863232
71.7359196
72.0750590
72.4008726
72.7421635
73.1819526
73.5868394
74.1058108
74.5686791
74.9955112
75.5820128
76.1252723
76.6538197
77.3881197
78.0909530
78.7987723
79.5357361
80.3393625
80.9594070
81.8608895
82.5961184
83.2526362
84.0377528
85.0465649
85.7052137
86.6941773
87.5914934
88.4778334
89.4436016
90.4936817
91.5634670
92.6915820
93.9418344
95.1439819
96.3681908
97.7308068
98.9552684
100.2350751
101.4582254
102.6889435
103.8818429
105.2246581
106.4905927
107.6629946
109.2134612
110.4035261
111.8991189
113.1466803
114.6135249
116.0780131
117.5557382
118.9078834
120.5319658
122.0497704
123.4366403
124.9921203
126.4498603
127.7277613
129.1713081
130.5896379
131.9081786
133.2887238
134.6905381
135.9510222
137.2981268
138.7056102
139.8984618
141.2111285
142.5609924
143.7778589
145.1019321
146.4031104
147.5615925
148.8162299
150.1643180
151.2943865
152.6433898
153.9718616
155.1531019
156.5234291
157.9006138
159.1925850
160.6119393
161.9838511
163.4475470
164.8719966
166.2853403
167.7409902
169.2276765
170.6542572
172.0391327
173.4719288
174.8882368
176.2573072
177.6593948
178.9803534
-178.8075086
-177.3496730
-176.2025701
-175.0398397
-173.7936170
-172.6610350
-171.5186722
-170.4513596
-169.5040123
-168.6058015
-167.6977415
-167.0125506
-166.2661748
-165.5038028
-164.9553112
-164.3813841
-163.8257892
-163.3412283
-162.8588666
-162.3574898
-162.0219226
-161.6427515
-161.2894394
-160.9717127
-160.6589583
-160.3400295
-160.0834056
-159.8186402
-159.5532600
-159.3652659
-159.2103982
-159.0353404
-158.9250465
-158.7827190
-158.6710591
-158.5689888
-158.4705247
-158.3676894
-158.2970243
-158.2083957
-158.1232779
-158.0519298
-157.9981352
-157.9161729
-157.8599468
-157.8157008
-157.7896232
-157.7844322
-157.7705806
-157.8014941
-157.8077915
-157.7946092
-157.8116984
-157.8181597
-157.8183100
-157.8375848
-157.8464640
-157.8516550
-157.8594277
-157.9329206
-158.0126015
-158.1022000
-158.2284492
-158.2644579
-158.3177744
-158.3231839
-158.3887264
-158.4080968
-158.4497336
-158.5088284
-158.4829693
-158.4704018
-158.4554437
-158.4522881
-158.4171263
-158.5069433
-158.6873833
-158.8816338
-159.0626065
-159.2800114
-159.4862968
-159.6570379
-159.9334420
-160.1216683
-160.3412179
-160.6736023
-160.8697107
-161.0321462
-161.2258504
-161.3708963
-161.5184420
-161.7318035
-161.9539622
-162.1263425
-162.3886491
-162.6208072
-162.8167927
-163.0604528
-163.2618341
-163.3941486
-163.6450761
-163.8363623
-164.0002186
-164.2824147
-164.5245039
-164.7150525
-164.9509672
-165.1660089
-165.3419683
-165.5391012
-165.7993724
-165.9892243
-166.2728001
-166.5520865
-166.7870041
-167.0786941
-167.3478582
-167.5861635
-167.8887136
-168.1869606
-168.4511113
-168.7931945
-169.1186940
-169.3952484
-169.7557321
-170.1245760
-170.4328771
-170.8643401
-171.2279931
-171.5143692
-171.8774348
-172.2428499
-172.6407494
-172.9744588
-173.3249021
-173.6683923
-174.0623303
-174.4159975
-174.8236642
-175.2227931
-175.6255830
-176.0622370
-176.4435665
-176.8205929
-177.2065669
-177.6170613
-177.9953172
-178.4020959
-178.8604289
-179.2406109
179.2385892
178.8455801
178.4702339
178.1034937
177.7391031
177.3847666
177.0628597
176.7065015
176.3503344
176.0163382
175.6021418
175.3181972
174.9334800
174.5786653
174.2698724
173.9186095
173.5443151
173.2247852
172.8588100
172.4728224
172.1548907
171.8024939
171.4125584
171.0674290
170.7071502
170.3244547
169.9662112
169.6605739
169.2670867
169.0177712
168.6879823
168.4100619
168.1333846
167.8801622
167.6336470
167.4130865
167.1325160
166.8495549
166.6342400
166.3579452
166.0864999
165.8637537
165.6005046
165.3575684
165.1043870
164.8835806
164.6253858
164.4050575
164.1597718
163.8801985
163.6361012
163.3584403
163.0422572
162.7223038
162.3976513
162.1134881
161.8911108
161.6539530
161.3181809
160.9484354
160.5722013
160.0833510
159.5665789
159.2721294
158.7796045
158.4763850
158.0631176
157.7597070
157.3303203
157.0359118
156.6147487
156.2202506
155.8664332
155.4212278
154.9476634
154.6519436
154.2327749
153.8290014
153.4361972
153.0606734
152.6723498
152.2990254
152.0276210
151.5430327
151.3022139
150.9243132
150.5501008
150.2924660
149.9606828
149.6398415
149.3658279
149.0882491
148.7829806
148.4642840
148.1539475
147.8097879
147.5074701
147.1882680
146.8801992
146.5610654
146.2444042
145.8912424
145.5887333
145.2421285
144.8820820
144.5990116
144.2675425
143.9409775
143.6200542
143.2677941
142.9484281
142.5863598
142.2393042
141.8991061
141.5435948
141.2055141
140.8360691
140.5019499
140.1374637
139.7602460
139.4364678
139.0432674
138.6973866
138.3474897
137.9822658
137.5856777
137.2425837
136.8075962
136.3852173
135.9460362
135.5204334
135.0830691
134.7324618
134.3491243
133.9869057
133.6162313
133.2568131
132.9058370
132.6006642
132.2320798
131.9131646
131.5747834
131.2949369
131.0361137
130.8130534
130.5761005
130.3829564
130.2722117
130.0583858
129.9265358
129.7043498
129.5068207
129.2998523
129.0946051
128.9730961
128.8048139
128.7006671
128.5821360
128.5028649
128.4250553
128.3442132
128.2652289
128.2198901
128.1974325
128.1807668
128.1975281
128.2089072
128.2312965
128.2577020
128.2896947
128.3186410
128.3820388
128.4464065
128.5273579
128.5892804
128.7030987
128.8252771
128.9389178
128.9873302
129.1853510
129.2895251
129.4627113
129.6447769
129.7573384
130.0074053
130.1686387
130.3770278
130.5567847
130.8539936
131.0513587
131.2643240
131.5455775
131.7298970
131.9783247
132.1889813
132.4206204
132.5657619
132.8247354
133.0539292
133.2977396
133.5517680
133.6977292
133.9773025
134.1364049
134.3913075
134.6016364
134.8081676
135.0519917
135.2500536
135.5019236
135.7110777
135.9225540
136.1627034
136.3715979
136.5987700
136.8341657
137.0570348
137.2878542
137.4999589
137.7508864
137.9922379
138.2583967
138.4704741
138.7446925
138.9562508
139.1780544
139.3575654
139.5714460
139.7813923
139.9680204
140.1454141
140.3059782
140.4589607
140.5500208
140.6339365
140.6872940
140.7443670
140.7908123
140.8327633
140.9059147
140.9403251
140.9429753
140.9762929
141.0863683
141.1763765
141.2439271
141.3652039
141.6861545
141.9316725
142.1176039
142.5323466
143.0110609
143.3797135
143.8013684
144.3312409
144.7307796
145.2885465
145.8410269
146.3124738
146.8915509
147.4202895
147.9762943
148.5210838
149.0893282
149.6040376
150.1370109
150.7003513
151.2097195
151.7401656
152.2828651
152.7406927
153.2460857
153.7524896
154.1743904
154.6064682
155.0826416
155.5103481
156.0156318
156.4873247
156.9568592
157.4205881
157.8762163
158.2710013
158.6957707
159.1088879
159.5123608
159.9274178
160.3197711
160.6787386
161.0501779
161.4215763
161.7902426
162.1516552
162.5469182
162.8645357
163.2317813
163.5679632
163.9208654
164.2538918
164.6056056
164.9064481
165.1636730
165.4455003
165.6745028
165.9487759
166.2527876
166.5097394
166.8064428
167.0767134
167.3559998
167.6332099
167.8739467
168.1135088
168.3956912
168.6336823
168.8692829
169.1113994
169.3901941
169.6665708
169.9666074
170.2176305
170.4596787
170.6996233
170.9269047
171.1746493
171.4757104
171.7363914
172.0023999
172.2213894
172.4620853
172.6429077
172.8420624
173.0777176
173.2861476
173.5635899
173.7755170
174.0525222
174.2796669
174.5604150
174.7847048
175.0073416
175.2062094
175.3902830
175.5779766
175.7024227
175.8480833
175.9597569
176.1066333
176.2241262
176.3444604
176.4824576
176.6209875
176.7493541
176.8872556
176.9826187
177.0933907
177.1905706
177.3104131
177.3883046
177.5228183
177.6077722
177.7245275
177.8332914
177.9210320
178.0025435
178.1063077
178.1561681
178.2587302
178.3202019
178.3670707
178.4005660
178.4549889
178.5001638
178.5430437
178.5767575
178.6280659
178.6466167
178.7007391
178.7106429
178.7236066
178.7404362
178.7286336
178.7661860
178.7535911
178.7768821
178.7743685
178.7669510
178.7905834
178.7700655
178.7961978
178.7866082
178.8093118
178.8180408
178.8338732
178.8472193
178.8458396
178.8388182
178.8497602
178.8914107
178.8772175
178.9018609
178.8887196
178.8897851
178.8956044
178.8876814
178.8990058
178.8816708
178.8752778
178.8669586
178.8413590
178.8455528
178.8513175
178.8496645
178.8644587
178.8719310
178.8959049
178.9118603
178.9239360
178.9536064
178.9509972
178.9547675
178.9506557
178.9760914
178.9396591
178.9559423
178.9558603
178.9696163
178.9813779
178.9562565
178.9633052
178.9672394
178.9555188
178.9753400
178.9721025
178.9881671
178.9952432
178.9942597
179.0052972
179.0053109
179.0358555
179.0396258
179.0517425
179.0564554
179.0715228
179.0740636
179.0780388
179.1420923
179.1807921
179.2089325
179.2219508
179.1989877
179.2069654
179.2247102
179.1270522
179.2039465
179.0922319
179.0272358
178.8987326
178.8511399
178.7741090
178.6766149
178.5508711
178.4716819
178.3916047
178.2995065
178.2353710
178.1115123
178.0640152
177.9800039
177.8979870
177.7913404
177.7135992
177.6272793
177.5412599
177.4597757
177.3797259
177.3014246
177.2428762
177.1860081
177.1112994
177.0540351
176.9941071
176.9157238
176.8549624
176.8021924
176.6928411
176.6245392
176.5418119
176.4805178
176.4526643
176.4378701
176.4347555
176.4389356
176.4810642
176.5342304
176.6152501
176.6981686
176.8001160
176.9278406
177.0673540
177.2398026
177.3603691
177.5079285
177.7032583
177.8449437
178.0273508
178.2245656
178.3747752
178.6004992
178.8044624
179.0017455
179.2567165
179.4424840
-179.6058758
-179.3139945
-179.0369347
-178.7009303
-178.3839276
-177.9717530
-177.5973220
-177.1501222
-176.7165828
-176.3021679
-175.6593105
-175.1277852
-174.6686052
-173.9851628
-173.4082987
-172.7190643
-171.8522997
-171.2129666
-170.4309783
-169.6216145
-168.8221136
-167.9793502
-167.1400156
-166.3107896
-165.5545237
-164.7292730
-163.8512795
-163.0438555
-162.2103402
-161.2945894
-160.4397366
-159.4906272
-158.5257673
-157.5788845
-156.6161420
-155.6053287
-154.7066397
-153.6376058
-152.5688998
-151.5540976
-150.4661031
-149.3469630
-148.3288140
-147.2340166
-146.1151633
-145.0630410
-143.9521654
-142.8277796
-141.7393753
-140.6923483
-139.6302539
-138.6366936
-137.5963055
-136.5530078
-135.5970272
-134.5935768
-133.5158002
-132.6034236
-131.6164612
-130.6337609
-129.7320667
-128.7442847
-127.7952982
-126.9253507
-125.9232117
-124.9414676
-123.9751051
-123.0049587
-122.0292525
-121.0658680
-120.1525898
-119.2409644
-118.3312652
-117.3353280
-116.5199400
-115.5839855
-114.6327997
-113.8204238
-112.8594914
-111.9551880
-111.1138931
-110.1771668
-109.2749739
-108.3006611
-107.5230372
-106.5665649
-105.7852117
-104.9679523
-104.1735534
-103.2489029
-102.5086743
-101.7581117
-100.8162354
-100.3445562
-99.4701691
-98.6820267
-98.1438420
-97.4777619
-96.7610838
-96.2233362
-95.6151625
-94.9312488
-94.3510311
-93.6956744
-93.1190016
-92.5786858
-92.0488680
-91.5423139
-91.0950594
-90.6517733
-90.1836116
-89.7873241
-89.3425763
-88.9536039
-88.5531021
-88.2424651
-87.9229898
-87.7434378
-87.5132672
-87.3415494
-87.1449151
-86.9693861
-86.8174212
-86.6823406
-86.5539877
-86.4412964
-86.3199717
-86.2605764
-86.1856697
-86.1202297
-86.0598644
-86.0134123
-85.9785989
-85.9476239
-85.9160821
-85.9119362
-85.9311359
-85.9055705
-85.9774172
-85.9314501
-85.9089924
-85.8732637
-85.9113625
-85.8716996
-85.8775394
-85.8588861
-85.8478964
-85.8299944
-85.8364626
-85.8249401
-85.8003514
-85.7825929
-85.7335658
-85.7008356
-85.6449919
-85.5815463
-85.5263242
-85.4577150
-85.4451201
-85.4015981
-85.3944333
-85.3419706
-85.3712858
-85.3084548
-85.3298743
-85.2634576
-85.2553501
-85.2132488
-85.2263901
-85.2372570
-85.1948415
-85.2098133
-85.2294091
-85.2601244
-85.2577202
-85.2427484
-85.2545578
-85.2215134
-85.2192936
-85.2458288
-85.2286373
-85.2413482
-85.2583964
-85.2600903
-85.3188299
-85.2821859
-85.3076762
-85.3017066
-85.2772341
-85.2609987
-85.2758202
-85.2284665
-85.2887088
-85.2518053
-85.3290137
-85.2984281
-85.3341705
-85.3365269
-85.2926430
-85.2902592
-85.2680543
-85.2554457
-85.1728619
-85.1628352
-85.0849506
-85.0667345
-84.9828734
-85.0108567
-84.9574787
-84.9320636
-84.9388255
-84.8341324
-84.8844913
-84.7959584
-84.8229923
-84.7752561
-84.7715815
-84.7481334
-84.7125823
-84.7238726
-84.6791417
-84.6794354
-84.6291584
-84.6202108
-84.5671403
-84.5564374
-84.5229353
-84.5219176
-84.4891327
-84.4760392
-84.4562658
-84.4038031
-84.3968158
-84.3331312
-84.3373044
-84.2653005
-84.3260687
-84.2863375
-84.2716868
-84.2494408
-84.1848273
-84.1314220
-84.0811860
-84.0405122
-84.0979404
-84.0383402
-84.0289760
-84.0213125
-83.9416179
-83.9564804
-83.8553458
-83.8617525
-83.7968998
-83.7838747
-83.7847489
-83.7336728
-83.7563422
-83.6622427
-83.7023085
-83.5820699
-83.6003885
-83.5793993
-83.4941312
-83.5394222
-83.4365186
-83.5055445
-83.3880925
-83.4227011
-83.3624930
-83.3431021
-83.3298378
-83.2881600
-83.2883922
-83.2917186
-83.2899495
-83.2853460
-83.2875180
-83.2823749
-83.2822792
-83.2980160
-83.2493372
-83.2621712
-83.2391739
-83.2609759
-83.2477595
-83.2544872
-83.2623897
-83.2855509
-83.2937539
-83.2999762
-83.3198794
-83.3360943
-83.3723626
-83.3863645
-83.4209935
-83.4729918
-83.5501319
-83.5868374
-83.6510343
-83.7119459
-83.7828160
-83.8287012
-83.8751738
-83.9564599
-84.0201104
-84.1203981
-84.1594941
-84.2617625
-84.3584507
-84.4606440
-84.5291371
-84.6104232
-84.6976925
-84.7861435
-84.8759536
-84.9542003
-85.0342774
-85.1278783
-85.2087204
-85.3077991
-85.4264942
-85.4987576
-85.5908968
-85.6837328
-85.7890884
-85.8732295
-85.9769186
-86.0631498
-86.1654728
-86.2849397
-86.3628653
-86.4987178
-86.5948322
-86.7230758
-86.8569953
-86.9905255
-87.1566494
-87.3105404
-87.4838086
-87.6337723
-87.8633827
-88.0463908
-88.2705645
-88.5279943
-88.7446479
-89.0102944
-89.3283354
-89.5758341
-89.8708095
-90.2258632
-90.5338364
-90.8020238
-91.1370719
-91.4259206
-91.7490569
-92.1254276
-92.3883626
-92.7142036
-93.0935250
-93.4074131
-93.7507872
-94.1811506
-94.4984949
-94.8645998
-95.2678201
-95.5903757
-95.9839244
-96.4155446
-96.7723741
-97.1119506
-97.4822152
-97.8427945
-98.2228536
-98.5604767
-98.9650971
-99.2941892
-99.7399206
-100.0919553
-100.4930787
-100.8483851
-101.2593371
-101.6672497
-102.0548971
-102.5218361
-102.9504783
-103.3867157
-103.8274268
-104.2412748
-104.6542348
-105.2166736
-105.6365117
-106.1309012
-106.5604109
-107.0208271
-107.5260357
-108.0600062
-108.4709241
-108.9055836
-109.4213039
-109.7777715
-110.3128895
-110.7583476
-111.1374572
-111.6184733
-112.0548268
-112.5122719
-112.9291798
-113.3531433
-113.7495879
-114.1975664
-114.5866140
-114.8312030
-115.1202566
-115.4091190
-115.5770324
-115.7877301
-115.9904911
-116.1412197
-116.2659799
-116.4436058
-116.5685163
-116.7498305
-116.7981473
-116.8745361
-116.7646110
-116.5882282
-116.5778054
-116.3889643
-116.3141737
-116.1015226
-116.0643800
-115.8733396
-115.8496526
-115.6891841
-115.6082600
-115.4403466
-115.3950215
-115.2798099
-115.2752610
-115.2318619
-115.1842419
-115.1401462
-115.1140002
-115.0828545
-115.0555748
-114.9948680
-114.9556901
-114.8956664
-114.8516526
-114.7582703
-114.7273022
-114.6323489
-114.6071455
-114.5183599
-114.4382623
-114.3541826
-114.2589356
-114.1435737
-114.0563386
-113.9375001
-113.8404090
-113.7264882
-113.6182502
-113.5076012
-113.4059475
-113.3081528
-113.2101669
-113.1270094
-113.0349453
-112.9475325
-112.8470399
-112.7572912
-112.6562386
-112.5782788
-112.5175857
-112.4733056
-112.4034601
-112.3272420
-112.2627309
-112.2054188
-112.1355186
-112.0822978
-112.0068515
-111.9337548
-111.8830202
-111.8117677
-111.7573994
-111.6887286
-111.5992532
-111.5553624
-111.4869717
-111.4491666
-111.4259849
-111.3824356
-111.3664120
-111.3060673
-111.2622038
-111.1874269
-111.1302514
-111.0712932
-111.0041524
-110.9589571
-110.9059138
-110.8537448
-110.8185557
-110.7515311
-110.7181792
-110.6476780
-110.6013352
-110.5071947
-110.4379024
-110.3160587
-110.2374227
-110.1196566
-110.0592504
-109.8993420
-109.8323583
-109.7134857
-109.6495005
-109.4956027
-109.3716757
-109.2127714
-109.0377410
-108.9068472
-108.7476355
-108.6648468
-108.5401480
-108.4334127
-108.3617708
-108.2478228
-108.1246130
-108.0515368
-107.9032124
-107.8454631
-107.7843398
-107.7398753
-107.6622365
-107.6333448
-107.5784232
-107.5037829
-107.4212469
-107.3186233
-107.2573224
-107.2025716
-107.1552520
-107.1105143
-107.0599641
-107.0198162
-106.9694163
-106.9467195
-106.9322669
-106.9207512
-106.9359142
-106.9282029
-106.9213249
-106.9111547
-106.8873037
-106.8920029
-106.8720519
-106.8728442
-106.8526337
-106.8638215
-106.8387684
-106.8471764
-106.8212011
-106.8592658
-106.7920499
-106.8571621
-106.7616351
-106.7671744
-106.7577624
-106.7280442
-106.7407074
-106.6785868
-106.7082503
-106.6568941
-106.6786005
-106.6170126
-106.6190480
-106.5855050
-106.5538880
-106.4941990
-106.4737836
-106.4436693
-106.3555872
-106.3508060
-106.2368990
-106.2051249
-106.1145020
-106.0733091
-105.9935461
-105.9154703
-105.8766065
-105.7845492
-105.7340126
-105.5645898
-105.4388528
-105.2850438
-105.1630430
-104.9881423
-104.8607729
-104.7047646
-104.5718764
-104.4223431
-104.2455983
-104.0719476
-103.9155567
-103.7167162
-103.5508178
-103.3971590
-103.2388489
-103.0725133
-102.9154872
-102.7768276
-102.6115985
-102.4624340
-102.3008522
-102.1384576
-102.0104052
-101.8443428
-101.7157235
-101.5638065
-101.4091300
-101.2758320
-101.1338392
-101.0529083
-100.8943386
-100.8377369
-100.6973492
-100.6590250
-100.5228515
-100.4720144
-100.3489890
-100.3283004
-100.2714322
-100.2613714
-100.2331832
-100.2127677
-100.1922157
-100.1497661
-100.1396437
-100.1148023
-100.0859721
-100.0722434
-100.0573809
-100.0465141
-100.0637467
-100.0291996
-100.0221986
-99.9932933
-99.9905202
-99.9768803
-99.9965718
-99.9214943
-99.9622091
-99.8824871
-99.9631516
-99.8572632
-99.9094663
-99.8532812
-99.8739289
-99.8843996
-99.8633079
-99.8244442
-99.8380499
-99.8086869
-99.7948831
-99.7698163
-99.7567160
-99.7460677
-99.7361230
-99.7231320
-99.6866451
-99.6775404
-99.6315664
-99.6014385
-99.5708870
-99.5582922
-99.5038556
-99.4617543
-99.3848395
-99.3458255
-99.2836708
-99.2367883
-99.1955067
-99.1631247
-99.1141523
-99.0794139
-99.0387197
-98.9961061
-98.9749530
-98.9322917
-98.9174019
-98.8803481
-98.8238829
-98.7820002
-98.7421734
-98.7105974
-98.6843148
-98.6367357
-98.6276652
-98.5852224
-98.5754689
-98.5317421
-98.5427796
-98.5014365
-98.5102611
-98.4506404
-98.4474165
-98.3948036
-98.3885950
-98.3743950
-98.3279019
-98.3241999
-98.3275126
-98.2814088
-98.2962781
-98.2522849
-98.2407897
-98.2074925
-98.2002935
-98.2114950
-98.2062084
-98.2143773
-98.2005120
-98.1905468
-98.1854105
-98.1723307
-98.1547224
-98.1458910
-98.1691888
-98.1659718
-98.1641549
-98.0969869
-98.1320872
-98.1033799
-98.0960921
-98.0812160
-98.0977382
-98.0779784
-98.1078878
-98.0930049
-98.1010986
-98.0703764
-98.0756835
-98.0819400
-98.0582392
-98.1006342
-98.0888521
-98.1104218
-98.0691675
-98.1048074
-98.0761889
-98.1029223
-98.0464093
-98.0747204
-98.0619821
-98.0684025
-98.0410749
-98.0845559
-98.0342994
-98.0615860
-98.0164179
-98.0545509
-98.0316015
-98.0333227
-98.0216772
-98.0431855
-98.0037821
-98.0195530
-98.0171078
-98.0211376
-98.0206390
-98.0145601
-98.0107557
-97.9747948
-97.9883595
-97.9687569
-97.9749041
-97.9405345
-97.9768438
-97.9579310
-97.9892270
-97.9675889
-97.9800062
-97.9769326
-97.9666054
-97.9678416
-97.9356715
-97.9717007
-97.9528904
-97.9845619
-97.9738112
-97.9959069
-97.9544408
-97.9868159
-97.9483278
-97.9684837
-97.9376659
-97.9620428
-97.9476584
-97.9605948
-97.9650413
-97.9568792
-97.9610661
-97.9244426
-97.9134392
-97.8735645
-97.8552938
-97.8004132
-97.7813911
-97.7251309
-97.6746489
-97.6055684
-97.5546015
-97.4765598
-97.4035587
-97.3559728
-97.2400030
-97.1855664
-97.0749720
-96.9356976
-96.8162922
-96.6945441
-96.5745650
-96.4702202
-96.3673712
-96.2372561
-96.1364630
-96.0009999
-95.8771481
-95.7746474
-95.6435761
-95.5271692
-95.3739749
-95.2216616
-95.0362835
-94.8885192
-94.7558632
-94.5901765
-94.4417975
-94.2793004
-94.0998236
-93.9346901
-93.7756901
-93.5867056
-93.3734876
-93.1877884
-92.9971988
-92.8492432
-92.6826481
-92.4877418
-92.3532759
-92.1647763
-91.9957223
-91.8128781
-91.5968119
-91.4401137
-91.2589976
-91.1083578
-90.9301923
-90.7712197
-90.5937030
-90.4084820
-90.2600893
-90.0778188
-89.8699489
-89.7183938
-89.5373255
-89.3389905
-89.1939992
-89.0074121
-88.8276005
-88.6680405
-88.5197707
-88.3174947
-88.1557626
-87.9590873
-87.7682177
-87.5894238
-87.4199327
-87.2725031
-87.1378595
-87.0408026
-86.9095810
-86.8361359
-86.7198520
-86.6051048
-86.4649288
-86.3863953
-86.2582200
-86.1708345
-86.0578974
-85.9534843
-85.8344819
-85.7675119
-85.6659196
-85.6095637
-85.5279157
-85.4826383
-85.4041185
-85.3479812
-85.2907168
-85.2473247
-85.2205298
-85.1465179
-85.1287184
-85.0778335
-85.0264841
-85.0039718
-84.9927567
-84.9612012
-84.9344815
-84.9164020
-84.8867931
-84.8418436
-84.8081640
-84.7283601
-84.7385302
-84.6800160
-84.6754739
-84.6622711
-84.6552839
-84.6536446
-84.6525450
-84.6607412
-84.6583165
-84.6587331
-84.6497036
-84.6800979
-84.6436862
-84.6774820
-84.6729536
-84.6504139
-84.6822426
-84.6486859
-84.6703171
-84.6567933
-84.6853162
-84.6995845
-84.7243644
-84.7326631
-84.7395957
-84.7177869
-84.7355522
-84.7319937
-84.7658783
-84.7382911
-84.7803924
-84.7367475
-84.7758708
-84.7208605
-84.7437007
-84.6792032
-84.7226090
-84.7106425
-84.7478876
-84.7524638
-84.7160316
-84.7457019
-84.6990449
-84.7531673
-84.7318571
-84.7957672
-84.7694095
-84.7916144
-84.7718205
-84.7809935
-84.7485774
-84.7803788
-84.8024676
-84.8099057
-84.8361199
-84.8263528
-84.8506273
-84.8388520
-84.8769303
-84.8525056
-84.8820530
-84.8846143
-84.9087590
-84.9004945
-84.9399388
-84.9613515
-84.9915067
-85.0148318
-85.0781340
-85.1043415
-85.1542975
-85.1744943
-85.2345795
-85.2590316
-85.3210087
-85.3995969
-85.4642446
-85.5710073
-85.6283058
-85.7364140
-85.8123794
-85.9436351
-86.0404735
-86.1895424
-86.3082101
-86.4763557
-86.6052824
-86.7458682
-86.8823968
-87.0115625
-87.1506593
-87.2857946
-87.4780235
-87.5822248
-87.6868770
-87.7351664
-87.8254000
-87.8742359
-87.9524006
-87.9860119
-88.0728646
-88.1344183
-88.2292760
-88.3126521
-88.3740145
-88.4253024
-88.4821705
-88.6033244
-88.6698915
-88.7892012
-88.8589921
-88.9911494
-89.0785280
-89.2049617
-89.2973263
-89.4574669
-89.5585674
-89.7173010
-89.8458110
-89.9983428
-90.1136090
-90.2477608
-90.3902727
-90.4859431
-90.6140912
-90.6744290
-90.7452991
-90.7819431
-90.8221182
-90.8434762
-90.9016421
-90.9426711
-90.9733523
-91.0494201
-91.0751016
-91.1482802
-91.1605746
-91.2039053
-91.2027578
-91.2575223
-91.2864550
-91.3577417
-91.4006762
-91.4348818
-91.4746950
-91.5270347
-91.5905008
-91.6195428
-91.6677571
-91.7239901
-91.7816300
-91.8499592
-91.9158979
-92.0078869
-92.1023006
-92.2087422
-92.3154503
-92.3935808
-92.4715133
-92.5342554
-92.6560582
-92.7416814
-92.8511079
-92.9033588
-93.0110299
-93.0655690
-93.1981088
-93.2749416
-93.3870182
-93.4821695
-93.5982418
-93.7163836
-93.7795013
-93.9490540
-93.9307217
-94.1470748
-94.1931513
-94.3847039
-94.5566198
-94.6978544
-94.8856368
-95.0167969
-95.1942453
-95.3251527
-95.5103806
-95.6018026
-95.7663829
-95.8699217
-95.9939853
-96.0900451
-96.2300776
-96.2845484
-96.3414370
-96.4957515
-96.5579472
-96.6708775
-96.7901736
-96.9224265
-97.0620971
-97.2260626
-97.3369576
-97.5025555
-97.6620677
-97.8151254
-97.9932021
-98.1422095
-98.2304146
-98.4293029
-98.5149125
-98.6341949
-98.7300429
-98.8539153
-98.9188089
-98.9984284
-99.0416293
-99.1608571
-99.1832260
-99.3283880
-99.3554970
-99.5053172
-99.5586542
-99.6265326
-99.6930860
-99.7360069
-99.7587514
-99.8438487
-99.8688950
-99.9482072
-99.9752001
-100.1198772
-100.1499915
-100.1578189
-100.2504021
-100.2884735
-100.2727709
-100.3442967
-100.3353765
-100.4053654
-100.3920465
-100.4246675
-100.4618511
-100.4552190
-100.4625273
-100.5081666
-100.4664068
-100.5195388
-100.4795822
-100.4613730
-100.3611058
-100.3450548
-100.2986847
-100.3519670
-100.2701277
-100.2817048
-100.3343588
-100.2832758
-100.2684748
-100.2800519
-100.1908292
-100.2023995
-100.1653457
-100.1517878
-100.1640685
-100.0391375
-100.1422255
-100.1672923
-100.1741703
-100.2613440
-100.3156235
-100.4395027
-100.5839885
-100.6060364
-100.7651046
-100.7729047
-100.9490758
-100.9897154
-101.1208755
-101.1081304
-101.2528348
-101.3290051
-101.4565520
-101.5939344
-101.6877061
-101.8431885
-101.9260182
-102.0533193
-102.1164576
-102.2453023
-102.3609988
-102.4852878
-102.7069411
-102.8207457
-103.0066361
-103.1832580
-103.3868318
-103.4758428
-103.7794584
-103.8183904
-103.9645087
-104.2250941
-104.2961827
-104.5842527
-104.6879896
-104.9174703
-105.1082785
-105.2640478
-105.4798681
-105.6287594
-105.7985784
-105.9631108
-106.1952826
-106.4859003
-106.6224700
-106.9094677
-107.0599846
-107.2447753
-107.4078188
-107.6838540
-107.8091470
-108.0318044
-108.2789684
-108.4748446
-108.6922905
-108.9091148
-109.0850469
-109.2212340
-109.3916199
-109.5385782
-109.6374384
-109.7753399
-109.8752656
-109.9621251
-110.1037013
-110.1470047
-110.3164685
-110.4356826
-110.5305813
-110.6502120
-110.8336572
-110.9192054
-111.0845164
-111.2242416
-111.3349590
-111.4468716
-111.5602323
-111.6682176
-111.7831970
-111.8368003
-111.9964287
-111.9655016
-112.0693614
-112.0784797
-112.0817036
-112.1014633
-112.0696551
-112.1388449
-112.0892168
-112.1562073
-112.0730565
-112.1311746
-112.0799141
-112.0650174
-112.0763282
-112.0516097
-112.0837185
-112.0652087
-112.1111895
-112.1393299
-112.2048587
-112.2657498
-112.3074072
-112.3310738
-112.4263344
-112.4627393
-112.5834697
-112.6421479
-112.7275526
-112.9069953
-112.9511866
-113.0520549
-113.1493373
-113.2677591
-113.4339103
-113.6132915
-113.7780562
-114.0066558
-114.2087816
-114.3579324
-114.5726940
-114.8120239
-115.0084465
-115.1493396
-115.5244263
-115.7020795
-115.9367238
-116.1867634
-116.3722986
-116.5465231
-116.7280968
-116.8462318
-116.9264865
-117.0372449
-117.1018721
-117.1480988
-117.1521150
-117.1670048
-117.1245620
-117.1359274
-117.0914356
-117.0409195
-116.9178532
-116.8506304
-116.7144774
-116.5838159
-116.4669104
-116.3544172
-116.1937711
-116.0932444
-115.9627741
-115.8203237
-115.6992518
-115.5673882
-115.4403876
-115.3216516
-115.1596395
-115.0168612
-114.9014174
-114.7907137
-114.6390835
-114.5264742
-114.3626862
-114.2172920
-114.0867739
-113.9620820
-113.8429293
-113.7096860
-113.5885048
-113.4204958
-113.3491544
-113.1919440
-113.0629490
-112.9466172
-112.8093646
-112.6617915
-112.5589630
-112.4606288
-112.3390651
-112.3119014
-112.2501019
-112.2009792
-112.1791294
-112.1245152
-112.1304779
-112.0884859
-112.0938750
-112.0286876
-112.0248559
-111.9722498
-111.9526198
-111.8751518
-111.8804930
-111.8024786
-111.7923836
-111.7305089
-111.6892341
-111.6168067
-111.5515170
-111.5041018
-111.4294683
-111.4011299
-111.3067435
-111.2943877
-111.1835542
-111.1675989
-111.0679464
-111.0425586
-110.9593191
-110.9229756
-110.8681019
-110.8357473
-110.8026140
-110.7639893
-110.7235136
-110.6955440
-110.6744524
-110.6515849
-110.6241070
-110.6006180
-110.6054675
-110.5927701
-110.6306845
-110.5737412
-110.6358686
-110.6030837
-110.6763033
-110.6586610
-110.7219973
-110.7682172
-110.8050661
-110.9007092
-110.9535407
-111.0036948
-111.0119935
-111.1218229
-111.1526203
-111.2640684
-111.3278078
-111.3913627
-111.4215999
-111.4962744
-111.5272083
-111.6154339
-111.6290669
-111.7159264
-111.7573789
-111.7940160
-111.7774118
-111.8141446
-111.8112759
-111.7895149
-111.7943985
-111.7718998
-111.7705065
-111.7813118
-111.7758204
-111.7728902
-111.7972945
-111.7790784
-111.8327295
-111.7370795
-111.8519155
-111.7784705
-111.8594355
-111.8648519
-111.9211736
-111.9198212
-111.8856976
-111.8986135
-111.8550028
-111.8731232
-111.8527420
-111.8987569
-111.8865172
-111.8771804
-111.8934704
-111.8612729
-111.8270400
-111.7938999
-111.7738669
-111.7347573
-111.7491075
-111.6903132
-111.6997389
-111.6240262
-111.5955580
-111.5267370
-111.4863706
-111.4343519
-111.3903655
-111.4257049
-111.4410318
-111.4419949
-111.3826064
-111.4208486
-111.3242083
-111.4036843
-111.3228422
-111.3599985
-111.3495414
-111.3234433
-111.3643220
-111.2961225
-111.3436333
-111.2989980
-111.3104113
-111.2462212
-111.2610905
-111.2261814
-111.2231624
-111.1923651
-111.1662875
-111.1387276
-111.0643605
-111.0838334
-110.9795159
-110.9924182
-110.9077238
-110.9130172
-110.8274691
-110.8610873
-110.8416076
-110.8255976
-110.8208233
-110.7844321
-110.8123334
-110.7917609
-110.8487110
-110.8214244
-110.8561491
-110.8413480
-110.8334182
-110.8644546
-110.8231388
-110.8615996
-110.8550016
-110.8698709
-110.8475294
-110.8660597
-110.8667290
-110.9127986
-110.9124503
-110.9254003
-110.8957778
-110.9060026
-110.9355432
-110.9404199
-110.9823983
-110.9609720
-111.0638551
-111.0019394
-111.0561370
-111.0295334
-111.0859439
-111.0988189
-111.1327786
-111.1178273
-111.1321570
-111.1226152
-111.1235988
-111.1292952
-111.0860191
-111.0611025
-110.9193146
-110.8199559
-110.7097440
-110.5854004
-110.5250078
-110.3999061
-110.3538638
-110.2362343
-110.1517653
-110.0080923
-109.9557525
-109.7780242
-109.6620612
-109.5087167
-109.3482277
-109.0976827
-108.9491466
-108.6663768
-108.4189736
-108.1339225
-107.8524163
-107.3952922
-107.0403136
-106.6360962
-106.1755502
-105.7809292
-105.2917169
-104.8248393
-104.3363783
-103.9567291
-103.3925555
-102.9438735
-102.4918857
-102.0265108
-101.5875550
-101.1886925
-100.6946717
-100.3742880
-99.9574484
-99.5290248
-99.1570732
-98.8658134
-98.4476624
-98.0829098
-97.7537494
-97.3942219
-97.0359716
-96.6906168
-96.3040622
-95.9916425
-95.6420666
-95.3224138
-95.0307988
-94.7295533
-94.4207605
-94.1278342
-93.7843098
-93.4545346
-93.1843323
-92.8651166
-92.5130613
-92.2180586
-91.8907355
-91.5371980
-91.1454935
-90.7478604
-90.2883458
-89.8824891
-89.4740779
-89.0155878
-88.6428507
-88.2215783
-87.8405221
-87.4816844
-87.0651385
-86.6693154
-86.2697698
-85.8251450
-85.3787375
-85.0211088
-84.5827609
-84.2023808
-83.7653034
-83.3834002
-82.9381948
-82.6074429
-82.1878780
-81.8567436
-81.4667398
-81.1385082
-80.7222902
-80.4196786
-80.0291899
-79.6570129
-79.2695568
-78.9036294
-78.5131406
-78.2057684
-77.8536107
-77.5149221
-77.2509831
-76.9394377
-76.6114520
-76.3549853
-76.1001031
-75.7368395
-75.5509832
-75.2631180
-74.9398589
-74.6227195
-74.3322999
-73.9727109
-73.7568086
-73.5491982
-73.2683340
-73.1184250
-72.8447530
-72.5700974
-72.4157146
-72.1531417
-71.8926314
-71.7095414
-71.5144575
-71.2430736
-71.1574572
-70.8918175
-70.7097588
-70.5029133
-70.3103157
-70.0591013
-69.8900200
-69.6751900
-69.4777702
-69.2306677
-69.0114527
-68.9032147
-68.6413589
-68.4922149
-68.2540735
-68.0861807
-67.8649986
-67.6815944
-67.5020151
-67.2346268
-67.0444744
-66.8095978
-66.5809572
-66.3419279
-66.0925236
-65.8817371
-65.5608207
-65.3208215
-65.0425186
-64.7806491
-64.5107406
-64.2598131
-63.8560191
-63.5863632
-63.2760951
-62.9619747
-62.6878109
-62.3559183
-61.9726354
-61.6564796
-61.3264586
-60.9354097
-60.7344724
-60.3510529
-59.9033750
-59.5660319
-59.2402387
-58.8586497
-58.6075447
-58.3012790
-57.8693378
-57.5140792
-57.2075335
-56.7608732
-56.3878630
-56.0380104
-55.6335164
-55.3003568
-54.8750751
-54.4926494
-54.1627137
-53.7846832
-53.4140191
-53.0261292
-52.6474499
-52.2875638
-51.9267386
-51.5289620
-51.2309301
-50.7950650
-50.4674072
-50.0771063
-49.7596288
-49.3376973
-49.0378349
-48.6408780
-48.3009975
-47.9914568
-47.7131129
-47.4208764
-47.1483348
-46.8918885
-46.6126055
-46.3442508
-46.0823643
-45.8112467
-45.5471780
-45.2668602
-45.0358563
-44.7719651
-44.5411970
-44.2660155
-44.0675438
-43.8264723
-43.6209178
-43.3996367
-43.1964078
-42.9822029
-42.7622810
-42.5528196
-42.3552530
-42.1162954
-41.9364087
-41.6458729
-41.4526435
-41.1539798
-40.9037456
-40.6929591
-40.5125875
-40.2212423
-39.9640174
-39.7761667
-39.5253212
-39.1937667
-39.0198530
-38.6619545
-38.3822002
-38.0863745
-37.8856796
-37.4973800
-37.2937310
-36.9605168
-36.6298947
-36.3480845
-35.9283318
-35.5862077
-35.2218375
-34.9279926
-34.5193082
-34.1769176
-33.8154982
-33.4119774
-33.0659054
-32.6323626
-32.2161479
-31.8077812
-31.3818676
-30.9153794
-30.5020061
-30.0534061
-29.5993419
-29.1597954
-28.7274546
-28.2369275
-27.8520788
-27.4529550
-27.0786538
-26.7774749
-26.4173190
-26.0388104
-25.7159628
-25.4120552
-25.0775842
-24.8340112
-24.5987436
-24.3317054
-24.1140921
-23.8716921
-23.6800592
-23.4928130
-23.2628559
-23.0685353
-22.8593488
-22.6437027
-22.4236698
-22.2434297
-22.0349467
-21.8355257
-21.5813658
-21.3616147
-21.0929731
-20.8780390
-20.6287422
-20.3947912
-20.1717001
-19.9097470
-19.6680761
-19.4228023
-19.1746291
-18.9098500
-18.6450231
-18.3809850
-18.1204082
-17.9042361
-17.6195880
-17.3627421
-17.1492646
-16.9214334
-16.6373214
-16.4400177
-16.1899355
-15.9364706
-15.7021234
-15.5577656
-15.3106135
-15.1552848
-14.9541357
-14.7743976
-14.6159406
-14.4861909
-14.2642149
-14.1385531
-13.9971391
-13.9514981
-13.9030319
-13.8563510
-13.8161681
-13.7770875
-13.7565004
-13.6708166
-13.6684661
-13.6159770
-13.6314738
-13.6157687
-13.6361721
-13.6254488
-13.6127335
-13.6467803
-13.6286111
-13.6457319
-13.6072053
-13.6579639
-13.5878426
-13.5645892
-13.5198532
-13.4919484
-13.4827362
-13.5031909
-13.5542013
-13.5558150
-13.6278769
-13.5807588
-13.6004742
-13.5368902
-13.5135113
-13.4697426
-13.4723244
-13.4582184
-13.4463706
-13.4536866
-13.4199745
-13.4774198
-13.4943510
-13.5069458
-13.5574081
-13.5915454
-13.5913422
-13.5848032
-13.6214796
-13.5832578
-13.6295426
-13.6346780
-13.7370293
-13.6998048
-13.7326597
-13.7207811
-13.7189668
-13.7026734
-13.7262214
-13.7049820
-13.7650860
-13.7045714
-13.7211320
-13.6729655
-13.6564194
-13.6666903
-13.6522940
-13.7036006
-13.7562238
-13.7447756
-13.7350451
-13.7616188
-13.7839612
-13.8361225
-13.8647205
-13.9029158
-13.9104862
-13.9392157
-13.9320286
-13.9256783
-14.0004407
-13.9517491
-13.9958943
-13.9665817
-13.9703332
-13.9712817
-13.9950909
-14.0003971
-14.0376012
-14.0590966
-14.0680646
-14.0834343
-14.0733171
-14.0773332
-14.0697141
-14.0785644
-14.0922913
-14.0925236
-14.1029720
-14.1043773
-14.1263151
-14.1140216
-14.1402358
-14.1277947
-14.1564217
-14.1747394
-14.1800550
-14.1390252
-14.1457837
-14.1077933
-14.0826966
-14.0509200
-14.0179695
-14.0142761
-13.9448847
-13.9828230
-13.9213923
-13.9260531
-13.8799732
-13.9068269
-13.8698722
-13.9049495
-13.8695751
-13.9248689
-13.8818865
-13.8815851
-13.8044509
-13.8011964
-13.7662949
-13.7645293
-13.7388666
-13.7716216
-13.6646045
-13.6974936
-13.5991696
-13.5995470
-13.5247496
-13.4768273
-13.3544542
-13.3690733
-13.2884856
-13.3357326
-13.2607773
-13.3050198
-13.1894496
-13.2175925
-13.1433236
-13.1191123
-13.0444899
-13.0818016
-13.1316073
-13.0609592
-13.1652204
-13.0969603
-13.0696045
-12.9854114
-12.9748835
-12.9736387
-12.9830507
-12.9038017
-12.8759559
-12.7585509
-12.6414447
-12.5252982
-12.4729943
-12.3801302
-12.2665194
-12.2827275
-12.2420648
-12.1004246
-12.1534038
-11.9943919
-11.9772891
-11.7854393
-11.7611674
-11.5806660
-11.5258623
-11.5302319
-11.3220008
-11.3030931
-11.1436193
-10.9892348
-10.7481547
-10.4878989
-10.2225187
-9.9693142
-9.6190203
-9.3401573
-8.9308634
-8.7300199
-8.2954031
-8.0130661
-7.5735007
-7.2444034
-6.8515258
-6.4729502
-6.1440834
-5.7327788
-5.3624272
-4.9511640
-4.5820678
-4.1752818
-3.8066399
-3.5227840
-3.1212157
-2.9172543
-2.5842870
-2.3422593
-2.0650876
-1.8205099
-1.5247465
-1.2781319
-1.0505939
-0.7173653
-0.4816231
-0.1811470
0.1047883
0.3269097
0.5468604
0.7137103
0.8969637
1.1042337
1.2639819
1.4619949
1.6219601
1.7936502
1.9345111
2.0244397
2.2165082
2.2844707
2.4366898
2.5652545
2.6655362
2.7944353
2.9395627
3.0014216
3.0628274
3.1844060
3.2122768
3.2992578
3.3876204
3.4835260
3.5389114
3.6931657
3.7206307
3.8332110
3.9073147
3.9865313
4.0722915
4.2050487
4.2459611
4.3649417
4.4742328
4.5876447
4.7423054
4.8627621
5.0399680
5.1765803
5.3315197
5.5101074
5.6097197
5.7885469
5.9404772
6.0863824
6.2276478
6.3597394
6.5505360
6.6518243
6.7779361
6.8501261
7.0127580
7.1113040
7.2728478
7.3795268
7.5521035
7.8108003
7.9702843
8.2005369
8.3937245
8.6450789
8.8349982
9.0767408
9.3580815
9.6046316
9.8734918
10.1644305
10.4635185
10.6938137
11.0033852
11.2271721
11.5178086
11.7860199
12.0356112
12.3383141
12.6516414
12.8962193
13.1840358
13.4640189
13.7053218
13.9637318
14.2188308
14.4192568
14.6267442
14.8620443
15.0675032
15.3054328
15.5247639
15.7200373
15.9498253
16.1707427
16.3729385
16.5625291
16.7630601
16.9372009
17.1179687
17.2989209
17.4932910
17.6704439
17.8792820
18.0873723
18.2854170
18.4547135
18.6132046
18.7779642
18.9415950
19.1041655
19.2529833
19.4325610
19.5717483
19.7432748
19.9229002
20.0839271
20.2577759
20.4190759
20.5707249
20.7432487
20.9237893
21.0798165
21.2616566
21.4218723
21.5804437
21.7820658
21.9365681
22.1161662
22.2580873
22.4211256
22.5637126
22.7927238
22.9151105
23.1291755
23.2803805
23.4969982
23.6515295
23.8621521
24.0572786
24.2352734
24.4168574
24.6404009
24.7834097
24.9873438
25.1122492
25.3140539
25.4716127
25.6901993
25.8461052
26.0259458
26.1896552
26.3578673
26.5551471
26.7366970
26.9248687
27.0962091
27.2553166
27.4523471
27.6235697
27.8279409
28.0167837
28.2160715
28.3984734
28.5635625
28.7315459
28.9102885
29.0890551
29.3043256
29.4828599
29.6750853
29.8478823
30.0192312
30.1967752
30.3812142
30.5811372
30.7639097
30.9503090
31.1324291
31.3106322
31.4970315
31.6990036
31.8927385
32.0709279
32.2412557
32.4256469
32.5919962
32.7757248
32.9493517
33.1280909
33.2768012
33.4151296
33.5541888
33.6852601
33.8275398
33.9564186
34.0695232
34.1842396
34.2956878
34.4190308
34.5255373
34.6691352
34.7814133
34.9165144
35.0052591
35.1199380
35.2486734
35.3833988
35.5123016
35.6138631
35.7503576
35.8709036
35.9865387
36.1063710
36.2441427
36.3644018
36.5048510
36.6276715
36.7334301
36.8521969
36.9769674
37.1214805
37.2758394
37.4358878
37.5759749
37.7411870
37.9112109
38.0706753
38.2555924
38.4197116
38.5916002
38.7674229
38.9387445
39.1151888
39.3149821
39.5289958
39.7156068
39.9308090
40.1352502
40.3321953
40.5460930
40.7458487
40.9650055
41.1758125
41.4144491
41.6021495
41.8549040
42.0881311
42.2987058
42.5251983
42.7493651
42.9634472
43.1964761
43.4265340
43.6102866
43.8630650
44.0720757
44.2714933
44.5259247
44.7516214
44.9787184
45.2057914
45.4327655
45.6438149
45.8525864
46.0484455
46.2134424
46.4425201
46.6644501
46.8448729
47.0722055
47.2162201
47.4214126
47.6215815
47.8544363
48.0303103
48.2095618
48.4245215
48.5748915
48.7543445
48.9078735
49.1031623
49.2765534
49.4865749
49.6227928
49.8145914
49.9932554
50.2001794
50.3202337
50.4920129
50.6900201
50.8556864
51.0447665
51.1605279
51.3048020
51.4512720
51.5621089
51.7471080
51.8387521
52.0326611
52.1491261
52.3417477
52.5051634
52.6467395
52.7612818
52.9730177
53.0923889
53.3293828
53.4874504
53.6968197
53.8470975
54.0184567
54.1886308
54.3490447
54.4778040
54.6744793
54.7937651
54.9339172
55.0876681
55.2530304
55.4081884
55.6209830
55.7713872
55.9159720
56.0481123
56.1578051
56.3016284
56.3865072
56.4915828
56.6185219
56.7974284
56.9353948
57.1137686
57.2575270
57.3687123
57.4710627
57.5642742
57.6289288
57.7051264
57.7686403
57.8541202
57.9019178
57.9740651
58.0354753
58.1284889
58.1766212
58.2400054
58.2509337
58.3332443
58.3668488
58.4644044
58.5164504
58.6110349
58.6285270
58.7174834
58.6607040
58.7653357
58.7797269
58.8312197
58.8301610
58.8058046
58.8789832
58.8869404
58.9344512
58.9797012
59.0195144
59.0989290
59.1288110
59.1995718
59.3158080
59.4285607
59.5239580
59.6666475
59.8306266
59.9899681
60.2037599
60.3711678
60.5955600
60.8406750
61.0789257
61.3404673
61.6512136
61.9217505
62.2340199
62.5743205
62.9388135
63.3259691
63.8203382
64.1907735
64.6908868
65.1146864
65.5421264
65.9843675
66.4027508
66.8221380
67.2376048
67.7519180
68.1182416
68.5682144
69.0411914
69.4375541
69.7635522
70.0842296
70.4100023
70.7008112
71.0066466
71.3143466
71.5398317
71.8307977
72.0223026
72.2485389
72.4697073
72.6565334
72.7962723
72.9648823
73.0814942
73.2710934
73.3638132
73.5150677
73.6571425
73.7964647
73.9424873
74.0909483
74.2609381
74.3730215
74.5970517
74.7020727
74.9014527
75.0359528
75.2083126
75.3667115
75.5234780
75.7414908
75.9002791
76.0994337
76.2924959
76.4662012
76.6657111
76.8395530
77.0225133
77.1879063
77.3871020
77.5898971
77.7448946
77.9418773
78.1684005
78.3218543
78.5516970
78.7881718
78.9782492
79.2238355
79.4699477
79.6438921
79.8962608
80.1427964
80.3204975
80.5757416
80.8118408
80.9671456
81.1729597
81.3402789
81.4853657
81.6730115
81.8691951
82.0125334
82.1571012
82.3537355
82.4849639
82.6689078
82.8357966
82.9400048
83.0922019
83.2463183
83.4036517
83.5425094
83.7038317
83.8414395
84.0232250
84.2093818
84.3461495
84.5305236
84.6774615
84.8039566
84.9525542
85.1156932
85.2529391
85.3877875
85.5483174
85.6761581
85.8105421
85.9662021
86.0668995
86.1971513
86.3174992
86.4320005
86.5589190
86.6671775
86.7652249
86.8676573
86.9901021
87.1011541
87.2269116
87.3494520
87.4568704
87.5929960
87.7248597
87.8412802
88.0048769
88.1364742
88.2246588
88.3739052
88.4998198
88.5859894
88.6616611
88.7793179
88.8906227
88.9028419
89.0402107
89.0832955
89.1731466
89.1988760
89.4076270
89.4491751
89.5740787
89.4898557
89.7284137
89.7892775
89.8959582
90.0185465
90.1234992
90.2665301
90.3369494
90.4763672
90.5385629
90.6508307
90.6847495
90.7567465
90.7437691
90.7251842
90.7683305
90.8132526
90.8476426
90.8882754
90.9191957
90.9497950
90.9472951
90.9841918
91.0117789
91.0393797
91.0763242
91.1485739
91.1678146
91.2268206
91.3022259
91.3630760
91.4257362
91.4616357
91.4966131
91.5142964
91.5414669
91.5614247
91.5682549
91.5345957
91.5473136
91.5323350
91.6179309
91.6135869
91.6400061
91.6850512
91.7483602
91.8354724
91.9224139
92.0243886
92.0508966
92.0521328
92.0802254
92.1292593
92.1352426
92.1600976
92.1373395
92.1390265
92.1136387
92.0866458
92.1612110
92.1328520
92.1247719
92.0757380
92.0452139
92.0390257
92.0537174
92.0414777
92.0206457
91.9571317
91.8141212
91.7397268
91.6362973
91.5839985
91.5669435
91.5324306
91.5657004
91.5393496
91.5266317
91.4837860
91.4598393
91.4664988
91.4386726
91.4220411
91.3871934
91.3779522
91.3556380
91.3322855
91.3215690
91.3221086
91.3250046
91.3361104
91.3417795
91.3385352
91.3251207
91.3235156
91.3211250
91.3252026
91.3223271
91.3214597
91.3158863
91.3227984
91.3115423
91.2982780
91.2804854
91.2426598
91.2459383
91.2356589
91.2206529
91.2015147
91.1716941
91.1638736
91.1514768
91.1499741
91.1249893
91.0974910
91.0935636
91.0710376
91.0681075
91.0512164
91.0299609
91.0239708
91.0088010
91.0135684
90.9932896
90.9755584
90.9605388
90.9525475
90.9527251
90.9462911
90.9411411
90.9296117
90.9198924
90.9037185
90.8861103
90.8732763
90.8618085
90.8592813
90.8487696
90.8393098
90.8282586
90.8210322
90.8209366
90.8141337
90.8077953
90.7975227
90.7934997
90.7911365
90.7859797
90.7851259
90.7763969
90.7700654
90.7532289
90.7455586
90.7334624
90.7247607
90.7245490
90.7238250
90.7168240
90.7170016
90.7118585
90.6998852
90.6864160
90.6802689
90.6765806
90.6783837
90.6844831
90.6837386
90.6814163
90.6799205
90.6709252
90.6717858
90.6761776
90.6793399
90.6883490
90.6848383
90.6816690
90.6751326
90.6759795
90.6826526
90.6869966
90.6910947
90.6844079
90.6791624
90.6803713
90.6835952
90.6900360
90.6911015
90.6885470
90.6850295
90.6854393
90.6900155
90.6926110
90.6927886
90.6900429
90.6890183
90.6890183
90.6890183
