-80.8312167 328.1820521
-80.8300119 328.1821449
-80.8287348 328.1821759
-80.8275367 328.1822687
-80.8265624 328.1824853
-80.8256341 328.1823615
-80.8241990 328.1822687
-80.8233432 328.1821759
-80.8220134 328.1827638
-80.8210127 328.1828567
-80.8195381 328.1825472
-80.8188995 328.1837541
-80.8162399 328.1765745
-80.8139951 328.1656812
-80.8103085 328.1428425
-80.8072407 328.1177756
-80.8036068 328.0793706
-80.7997359 328.0396350
-80.7943048 327.9886037
-80.7871094 327.9264626
-80.7762142 327.8363455
-80.7665830 327.7535010
-80.7548979 327.6600417
-80.7425281 327.5532443
-80.7291972 327.4277861
-80.7161493 327.2937555
-80.6999876 327.1433232
-80.6821472 326.9757154
-80.6636814 326.8014231
-80.6420359 326.6125549
-80.6192976 326.4195089
-80.5951702 326.1760196
-80.5783634 325.9977661
-80.5551116 325.7744850
-80.5245393 325.5244041
-80.4923739 325.2621920
-80.4596819 324.9603680
-80.4334742 324.7014053
-80.4002819 324.3954344
-80.3595386 324.0388346
-80.3243186 323.7275718
-80.2855502 323.3554367
-80.2419104 322.9989298
-80.2027931 322.7047806
-80.1548281 322.3443434
-80.1054016 321.9330916
-80.0595629 321.5265746
-80.0160218 321.0918960
-79.9740606 320.7074132
-79.9158522 320.2419735
-79.8508367 319.7916669
-79.7954722 319.3925771
-79.7395349 318.9219075
-79.6880676 318.4341861
-79.6221239 317.8689122
-79.5621709 317.4258161
-79.4907698 316.9131826
-79.4212119 316.3813931
-79.3641621 315.8892463
-79.2997392 315.3294809
-79.2289502 314.7737076
-79.1487474 314.1472209
-79.0830868 313.6311523
-79.0049050 313.0228004
-78.9244651 312.2923943
-78.8708846 311.8179182
-78.8001418 311.2138060
-78.7303206 310.7034626
-78.6428763 310.0912733
-78.5633120 309.4687478
-78.4862493 308.8220838
-78.4108719 308.2074497
-78.3120716 307.5086094
-78.2162469 306.8458840
-78.1248921 306.1727295
-78.0334452 305.4550736
-77.9555135 304.8342192
-77.8686090 304.1396186
-77.7654177 303.3250373
-77.6735890 302.6393803
-77.5943341 302.0641724
-77.4727625 301.1113209
-77.4047386 300.5588589
-77.3157669 299.8602971
-77.2076909 299.0404858
-77.1192393 298.3843831
-77.0188788 297.6275485
-76.9064776 296.7756144
-76.8046951 295.9959411
-76.7107927 295.2750358
-76.5993395 294.4278985
-76.4887289 293.5767691
-76.3975322 292.8580609
-76.2885871 292.0023204
-76.1924267 291.2606807
-76.0875698 290.4707021
-75.9828380 289.6700469
-75.8632020 288.7482969
-75.7620054 287.9884296
-75.6387617 287.0510205
-75.5282433 286.2002315
-75.4217670 285.3958007
-75.3119333 284.5607946
-75.1974847 283.6895498
-75.0766176 282.8013461
-74.9574291 281.9207863
-74.8295246 280.9836248
-74.7142005 280.1139892
-74.5983102 279.2437656
-74.4665282 278.2432560
-74.3696962 277.4763637
-74.2416007 276.4659512
-74.1161451 275.4445526
-74.0132303 274.6023049
-73.9151278 273.7688460
-73.8032664 272.7981073
-73.6994037 271.8979581
-73.5941847 270.9715661
-73.4978531 270.0788442
-73.4097768 269.2273125
-73.3204496 268.2985995
-73.2302272 267.3278298
-73.1694776 266.5818266
-73.1038697 265.7249410
-73.0439627 264.8024793
-72.9982887 263.9481623
-72.9604354 263.0848708
-72.9314431 262.1743236
-72.9080135 261.3058330
-72.8920823 260.4480809
-72.8773030 259.5767587
-72.8752227 258.5740674
-72.8797059 257.8964876
-72.8967366 257.0083613
-72.9215881 256.2213381
-72.9622128 255.1671513
-72.9953065 254.4962869
-73.0438574 253.7018675
-73.1001963 252.8504595
-73.1770614 251.8632726
-73.2573301 251.1553184
-73.3603305 250.3109818
-73.4800193 249.4027246
-73.6024598 248.5955706
-73.7440179 247.7106627
-73.8891506 246.8712312
-74.0415906 246.0704212
-74.2566367 245.0624535
-74.4732825 244.1420806
-74.6324111 243.5135360
-74.8292152 242.7732889
-75.0516739 241.9935846
-75.3057582 241.1664390
-75.5984200 240.2376176
-75.8444004 239.4973860
-76.1428158 238.6312628
-76.4158531 237.8892054
-76.7219841 237.0842331
-77.0250341 236.3112597
-77.4067596 235.3711428
-77.6944642 234.6976634
-78.1224761 233.7279150
-78.3660734 233.1786250
-78.7426377 232.3415918
-79.1246003 231.4939749
-79.4485453 230.7755143
-79.8458796 229.9080140
-80.2164993 229.1246735
-80.6332539 228.2516183
-80.9801742 227.5226668
-81.3570414 226.7107315
-81.7000908 225.9970058
-82.1434546 225.0973982
-82.4443322 224.4317483
-82.8710406 223.5126752
-83.2171380 222.7889692
-83.5529195 222.0578823
-83.9510306 221.1702202
-84.3151856 220.3559175
-84.6479521 219.6252948
-85.0222650 218.7868845
-85.3573092 218.0346301
-85.7252496 217.1954770
-86.0618870 216.4276564
-86.4327108 215.5732930
-86.7838772 214.7564217
-87.1508762 213.9008823
-87.4868816 213.1185012
-87.8118207 212.3503555
-88.1393403 211.5734675
-88.5055164 210.6770938
-88.8080727 209.9237872
-89.1216228 209.1396421
-89.4312165 208.3553267
-89.7877614 207.4520520
-90.0729973 206.7183192
-90.3911623 205.8993435
-90.7254429 205.0400750
-91.0386902 204.2361704
-91.3912523 203.3243698
-91.6929988 202.5439383
-92.0017433 201.7438711
-92.3091579 200.9374597
-92.5830115 200.2081214
-92.9439277 199.2328335
-93.2114153 198.5103962
-93.5290997 197.6484200
-93.7706431 196.9914971
-94.0587098 196.1954839
-94.3547619 195.3528029
-94.6143234 194.6213292
-94.8968470 193.8374781
-95.1540781 193.1069174
-95.4235539 192.2929860
-95.6960185 191.5377297
-95.9272328 190.8614651
-96.1556493 190.1700520
-96.3976074 189.4666161
-96.6393615 188.7871485
-96.9019842 188.0384684
-97.1761999 187.2436466
-97.3676518 186.6971109
-97.5948439 186.0599476
-97.8475260 185.3432510
-98.0802742 184.6852450
-98.3292171 183.9767957
-98.5595032 183.3244220
-98.7989795 182.6389043
-99.0527610 181.9149971
-99.2826718 181.2610915
-99.5705674 180.4509202
-99.8182792 179.7482115
-100.0370250 179.1326800
-100.2757047 178.4574520
-100.5241736 177.7491111
-100.7890411 176.9875571
-101.0515519 176.2346373
-101.3096256 175.5018175
-101.5661721 174.7572997
-101.8059182 174.0524093
-102.0526031 173.3056634
-102.2977540 172.5447284
-102.5450313 171.7934487
-102.7910644 171.0329005
-103.0306592 170.2719965
-103.2709978 169.4999206
-103.5095656 168.7156362
-103.7579357 167.8912293
-103.9953185 167.0922452
-104.2401469 166.2470576
-104.4414736 165.5213091
-104.6715359 164.6686942
-104.8759304 163.8984906
-105.0882906 163.0493882
-105.2755425 162.2738463
-105.4548814 161.5088572
-105.6462149 160.6460918
-105.8142439 159.8590996
-105.9832736 159.0463597
-106.1711640 158.0853846
-106.2973833 157.3652684
-106.4327729 156.5490624
-106.5651870 155.7267909
-106.7079102 154.8485366
-106.8419701 153.9802162
-106.9907499 153.0208349
-107.0953302 152.3545816
-107.2254862 151.5229796
-107.3530221 150.7168468
-107.4926843 149.8490989
-107.6307993 148.9974898
-107.7658137 148.1379119
-107.9284972 147.0988117
-108.0383704 146.3974957
-108.1683289 145.5423277
-108.3118225 144.5951859
-108.4403129 143.7384705
-108.5760251 142.8232503
-108.7083799 141.9342266
-108.8393061 141.0499222
-108.9624708 140.1655404
-109.0974325 139.2420265
-109.2228487 138.3819844
-109.3563292 137.4482580
-109.4621537 136.6940693
-109.5879254 135.7962876
-109.7164751 134.8917131
-109.8378952 134.0284525
-109.9814414 132.9857161
-110.0888262 132.1982287
-110.2115366 131.2882230
-110.3276770 130.4287689
-110.4579252 129.4767375
-110.5696154 128.6395032
-110.6840442 127.7803817
-110.8243580 126.7269454
-110.9357717 125.8711972
-111.0554934 124.9604101
-111.1882497 123.9568523
-111.3027312 123.0850040
-111.4248096 122.1637182
-111.5589748 121.1560522
-111.6649245 120.3895622
-111.7927303 119.4806861
-111.9306742 118.5112394
-112.0553201 117.5888163
-112.1964371 116.6288083
-112.3307865 115.7328602
-112.4451627 114.9634999
-112.5921519 113.9520739
-112.7312676 113.0421688
-112.8575592 112.2238352
-112.9954636 111.2825423
-113.1456654 110.2703039
-113.2670987 109.4534094
-113.3937327 108.5995876
-113.5575617 107.5060675
-113.6752031 106.7343630
-113.8039437 105.8754117
-113.9427697 104.9516425
-114.0882185 103.9634420
-114.2236344 103.0165323
-114.3495311 102.1624474
-114.4643286 101.4036477
-114.5966899 100.5224071
-114.7312896 99.6245789
-114.8610835 98.7318570
-115.0006469 97.7570024
-115.1227121 96.8927360
-115.2459756 96.0421172
-115.3863684 95.0716492
-115.4945958 94.3238898
-115.6408872 93.3310164
-115.7637556 92.5277461
-115.9058996 91.6252218
-116.0466348 90.6951394
-116.1796413 89.8446522
-116.3324105 88.8695112
-116.4471158 88.1265408
-116.5931834 87.1654497
-116.7305216 86.2861664
-116.8583801 85.4641115
-117.0016037 84.5793661
-117.1486850 83.6424600
-117.2869581 82.7637570
-117.4258237 81.9239773
-117.6011995 80.8653961
-117.7264774 80.0763846
-117.8548888 79.2843480
-118.0158870 78.2955905
-118.1314613 77.5682946
-118.2764097 76.6912008
-118.4499159 75.6240242
-118.5903219 74.7827822
-118.7042899 74.0768087
-118.8525562 73.1579755
-118.9819947 72.3710529
-119.1447703 71.3953394
-119.2798440 70.5630798
-119.4388014 69.5777264
-119.5692799 68.7816900
-119.7105154 67.9113039
-119.8337130 67.1600553
-119.9738952 66.2828145
-120.1159207 65.4016744
-120.2552865 64.5247431
-120.4004983 63.6049234
-120.5254075 62.7925200
-120.6575582 61.8765841
-120.7727243 61.0049138
-120.8948027 60.0729514
-120.9897585 59.3368511
-121.0848459 58.4832305
-121.1774976 57.6275635
-121.2739543 56.7216080
-121.3624848 55.8546802
-121.4456435 54.9717297
-121.5169920 54.1361665
-121.5802827 53.3086650
-121.6426254 52.3787257
-121.6981874 51.5199601
-121.7457838 50.7048721
-121.7932222 49.8370430
-121.8435703 48.9357643
-121.8813446 48.0752619
-121.9166172 47.2513889
-121.9578543 46.3329772
-121.9881632 45.5006016
-122.0144696 44.6981553
-122.0371684 43.7170842
-122.0483466 42.9229626
-122.0577211 42.0530872
-122.0628559 41.1191171
-122.0658710 40.3794850
-122.0576026 39.3522645
-122.0481491 38.5308363
-122.0317570 37.6545703
-122.0075967 36.6875993
-121.9860434 35.9667597
-121.9583809 35.0740881
-121.9202775 34.1814281
-121.8788561 33.4054568
-121.8297983 32.5458828
-121.7806220 31.7428118
-121.7117487 30.7619418
-121.6541459 30.0210313
-121.5770306 29.1089038
-121.5016796 28.2358679
-121.4194030 27.2756395
-121.3511486 26.4660406
-121.2879369 25.7222405
-121.2182869 24.9053575
-121.1431860 24.0543074
-121.0607383 23.1627982
-120.9763156 22.2760684
-120.8935651 21.4309794
-120.8083656 20.6107116
-120.7267211 19.7864363
-120.6413636 18.9689711
-120.5417996 18.0247905
-120.4436839 17.0972013
-120.3651861 16.3660719
-120.2731533 15.4780326
-120.1849650 14.6408360
-120.0883898 13.8131691
-119.9862979 12.9189327
-119.8922770 12.0478629
-119.7926998 11.1655807
-119.7073950 10.4224120
-119.6014585 9.4778949
-119.5118878 8.6532636
-119.4081369 7.6802213
-119.3196063 6.8408908
-119.2257829 6.0032068
-119.1317488 5.1632066
-119.0276424 4.2315009
-118.9449050 3.4697349
-118.8425630 2.5410838
-118.7472386 1.6942705
-118.6508740 0.8247324
-118.5484003 -0.1548732
-118.4536025 -1.0621643
-118.3671259 -1.8462140
-118.2741187 -2.6887026
-118.1600718 -3.7302636
-118.0616006 -4.6793183
-117.9803905 -5.4802400
-117.8930976 -6.2975765
-117.8006566 -7.2095806
-117.7017510 -8.2068408
-117.6239773 -8.9652304
-117.5308780 -9.8824400
-117.4326043 -10.8489303
-117.3506438 -11.6885891
-117.2478540 -12.7067644
-117.1631680 -13.5812722
-117.0855787 -14.4192377
-117.0034865 -15.2823019
-116.9132574 -16.2485224
-116.8245294 -17.1869141
-116.7441488 -18.1124357
-116.6643212 -19.0414582
-116.6000694 -19.8266652
-116.5222430 -20.8082392
-116.4506444 -21.6924275
-116.3808100 -22.6675471
-116.3129770 -23.5986315
-116.2477377 -24.4905797
-116.1817479 -25.4610245
-116.1181281 -26.3419266
-116.0546399 -27.2790901
-115.9885448 -28.3013127
-115.9312580 -29.2419383
-115.8862817 -30.1910665
-115.8471118 -31.1310847
-115.7995023 -32.0761338
-115.7520376 -33.1160889
-115.7030587 -34.1149544
-115.6576480 -35.1194058
-115.6123689 -36.1309324
-115.5831001 -36.8842778
-115.5557141 -37.6471972
-115.5279726 -38.6336105
-115.4998229 -39.6285729
-115.4764658 -40.5835249
-115.4590204 -41.5314752
-115.4430759 -42.4898817
-115.4323058 -43.3996824
-115.4234844 -44.3609359
-115.4155846 -45.3385023
-115.4123720 -46.2587669
-115.4082377 -47.3097429
-115.4070659 -48.2193114
-115.4143732 -49.1550494
-115.4253277 -50.1244574
-115.4416408 -51.1010799
-115.4644844 -52.0844256
-115.4814427 -53.0449133
-115.5005997 -54.0318411
-115.5271431 -55.0124015
-115.5527780 -55.9465844
-115.5797427 -56.9235938
-115.6100121 -57.8223928
-115.6396759 -58.7998819
-115.6730263 -59.7797770
-115.7089178 -60.7587128
-115.7451911 -61.7987762
-115.7852431 -62.7795378
-115.8258877 -63.8353570
-115.8692182 -64.8821243
-115.9073611 -65.7807029
-115.9428576 -66.6998611
-115.9962076 -67.7391315
-116.0490706 -68.7269065
-116.1080558 -69.7224800
-116.1605896 -70.6180954
-116.2259869 -71.6663017
-116.2866048 -72.6591288
-116.3588617 -73.6632127
-116.4303287 -74.6843715
-116.5119996 -75.6686804
-116.6096281 -76.7303253
-116.7034647 -77.6568102
-116.8027391 -78.6465812
-116.9179447 -79.6837782
-117.0302010 -80.7195206
-117.1328986 -81.6503071
-117.2536736 -82.6381672
-117.3787144 -83.6163641
-117.5278497 -84.7132419
-117.6708890 -85.6656911
-117.8367719 -86.7040796
-117.9920296 -87.6550433
-118.1516585 -88.6522803
-118.3138153 -89.6486584
-118.4723251 -90.6553419
-118.6296103 -91.6489116
-118.7994037 -92.6895514
-118.9695656 -93.6825951
-119.1585292 -94.7391493
-119.3306529 -95.6778194
-119.5058839 -96.7153800
-119.6627479 -97.6354124
-119.8143190 -98.5431358
-119.9811104 -99.5127527
-120.1532736 -100.4741533
-120.3241334 -101.4375267
-120.5045388 -102.4039252
-120.6843649 -103.4124654
-120.8674431 -104.4174236
-121.0278356 -105.3435603
-121.2014340 -106.3421744
-121.3802594 -107.3093155
-121.5518434 -108.1991594
-121.7266267 -109.1358490
-121.9432528 -110.2175784
-122.1458303 -111.2225520
-122.3084216 -112.0464947
-122.4989520 -112.9757879
-122.7049791 -113.9483139
-122.9191430 -114.9269363
-123.1452488 -115.9389813
-123.3928026 -116.9723409
-123.5962887 -117.8117337
-123.7990505 -118.6719228
-124.0504489 -119.6700572
-124.2868245 -120.6241930
-124.5271105 -121.5712884
-124.7451321 -122.4153775
-124.9795064 -123.2998366
-125.2119453 -124.1283671
-125.4880306 -125.1064480
-125.7947013 -126.1828004
-126.0140528 -126.9127345
-126.2878866 -127.8295949
-126.5779414 -128.7926279
-126.8625980 -129.6899376
-127.1543118 -130.5996107
-127.4598371 -131.5611427
-127.7506424 -132.4577020
-128.0552592 -133.3969834
-128.3364530 -134.2604451
-128.6676922 -135.2731013
-128.9214737 -136.0383689
-129.2369132 -136.9790119
-129.5546305 -137.9269583
-129.9124525 -138.9774160
-130.1763063 -139.7375619
-130.4861501 -140.6309027
-130.8207599 -141.5712053
-131.1276413 -142.4391388
-131.4289665 -143.2777348
-131.7540701 -144.1937132
-132.0596217 -145.0474577
-132.4100970 -146.0295848
-132.6901058 -146.8004074
-132.9679949 -147.5682126
-133.2767459 -148.4193110
-133.5848387 -149.2695740
-133.8890473 -150.1062977
-134.2076731 -150.9772330
-134.4903416 -151.7459512
-134.7927991 -152.5482466
-135.1261975 -153.4430729
-135.4216374 -154.2453992
-135.6854385 -154.9555196
-135.9775735 -155.7505735
-136.2616640 -156.5191678
-136.5478347 -157.2940753
-136.8421159 -158.0960767
-137.1031652 -158.7846891
-137.3793690 -159.5103139
-137.6431175 -160.2215948
-137.9184260 -160.9517068
-138.1771317 -161.6414178
-138.4280166 -162.3141235
-138.6969394 -163.0128865
-138.9079434 -163.6163488
-139.1244641 -164.2396944
-139.3733872 -164.8848884
-139.6372410 -165.5212162
-139.8746567 -166.1656830
-140.0438575 -166.6500312
-140.2641570 -167.2364418
-140.5009144 -167.8158584
-140.7002925 -168.3257067
-140.8946147 -168.8450247
-141.0824328 -169.3638476
-141.2726076 -169.8804268
-141.4747506 -170.4154658
-141.6705343 -170.9299406
-141.8836055 -171.4776058
-142.0671445 -171.9674625
-142.2412827 -172.4353160
-142.4196341 -172.9118810
-142.6571157 -173.5230026
-142.8474485 -174.0159695
-143.0181240 -174.4734248
-143.2283117 -175.0388535
-143.4314422 -175.5777763
-143.6092670 -176.0387751
-143.8299088 -176.6122345
-144.0503004 -177.1905990
-144.2288230 -177.6615781
-144.4829995 -178.3268566
-144.6686319 -178.8106322
-144.8868247 -179.3797591
-145.0840304 -179.8859092
-145.2818944 -180.3976143
-145.5137276 -180.9901215
-145.7241918 -181.5297870
-145.9511007 -182.1099618
-146.2113074 -182.7805632
-146.3932006 -183.2430165
-146.6248758 -183.8304638
-146.8636476 -184.4473416
-147.0788517 -185.0106040
-147.3034302 -185.6013626
-147.5188581 -186.1656618
-147.7610927 -186.8094013
-147.9922676 -187.4225190
-148.1955166 -187.9673217
-148.4262702 -188.5812286
-148.6685706 -189.2276295
-148.9438133 -189.9694240
-149.1519338 -190.5347134
-149.3562888 -191.0897904
-149.6030000 -191.7548833
-149.8297905 -192.3661442
-150.0785424 -193.0361730
-150.3103756 -193.6807945
-150.5323867 -194.2977806
-150.7808490 -194.9852325
-150.9982913 -195.5742117
-151.2416056 -196.2387630
-151.4841825 -196.9030357
-151.7193073 -197.5610108
-151.9921536 -198.2999736
-152.2014197 -198.8635300
-152.4576765 -199.5344408
-152.7151182 -200.2023498
-152.9829350 -200.9064665
-153.2314763 -201.5588248
-153.5135786 -202.2737729
-153.7686768 -202.9152069
-154.0556506 -203.6431062
-154.3119074 -204.2981104
-154.5905602 -204.9921075
-154.8777184 -205.6939497
-155.1683130 -206.4356667
-155.4166568 -207.0604359
-155.7121230 -207.8038705
-155.9891036 -208.4942933
-156.2871108 -209.2274536
-156.5876987 -209.9717392
-156.8643239 -210.6546419
-157.1687695 -211.4202344
-157.4547559 -212.1171560
-157.7282737 -212.7731041
-158.0577750 -213.5904396
-158.3125703 -214.2134603
-158.5997548 -214.9029702
-158.9272942 -215.6771504
-159.1893310 -216.3096563
-159.5231508 -217.1269299
-159.7812113 -217.7670642
-160.1241159 -218.5957572
-160.3939472 -219.2409048
-160.7591687 -220.1388412
-161.0687755 -220.9156674
-161.3286794 -221.5534188
-161.6117034 -222.2433774
-161.9544763 -223.0625697
-162.2135111 -223.7064176
-162.5378248 -224.4976340
-162.8492486 -225.2409603
-163.1362093 -225.9271434
-163.4594565 -226.7024532
-163.7770158 -227.4656938
-164.1024749 -228.2503650
-164.3933065 -228.9464974
-164.7155268 -229.7128481
-165.0428950 -230.4989893
-165.3705793 -231.2991339
-165.6928785 -232.0765172
-166.0013793 -232.8353478
-166.3180960 -233.6261774
-166.7054765 -234.5663562
-167.0172295 -235.3355695
-167.3025839 -236.0288084
-167.6046464 -236.7635006
-167.8958993 -237.4724605
-168.1921687 -238.1993850
-168.5180096 -238.9848763
-168.8273268 -239.7436141
-169.1574600 -240.5700944
-169.4611551 -241.3303641
-169.7756599 -242.1030898
-170.0875577 -242.8982675
-170.4273681 -243.7731485
-170.7177389 -244.4942860
-171.0286229 -245.2654489
-171.3457872 -246.0731910
-171.6238211 -246.8009356
-171.9223814 -247.5670232
-172.2280120 -248.3792526
-172.5009242 -249.1391044
-172.7953634 -249.9460264
-173.0804940 -250.7000758
-173.3880864 -251.5822448
-173.6899909 -252.4755238
-173.9104879 -253.1344427
-174.1706945 -253.9290014
-174.3996180 -254.6423867
-174.6539129 -255.4580047
-174.9348830 -256.4087054
-175.1363282 -257.1190115
-175.3473980 -257.8912266
-175.5595344 -258.7037654
-175.8113804 -259.7050796
-175.9597257 -260.3219109
-176.1502165 -261.1627350
-176.3360201 -262.0413762
-176.4915016 -262.8273007
-176.6676280 -263.7405403
-176.8141695 -264.5483133
-176.9412117 -265.3139368
-177.0656600 -266.0841094
-177.2030378 -266.9733653
-177.3454056 -267.9533262
-177.4440216 -268.6779761
-177.5526704 -269.5226067
-177.6425176 -270.2627300
-177.7403963 -271.1087842
-177.8208953 -271.9029096
-177.9011443 -272.8187178
-177.9740859 -273.6955641
-178.0473172 -274.5841081
-178.0903711 -275.3017641
-178.1302784 -276.2042342
-178.1633391 -277.0582417
-178.1853532 -277.8086703
-178.2047341 -278.6455023
-178.2084075 -279.3473754
-178.1921207 -280.2230456
-178.1766239 -281.0167378
-178.1429971 -282.0266243
-178.1099232 -282.7869868
-178.0595750 -283.6158036
-178.0074494 -284.3627042
-177.9387869 -285.1636380
-177.8603022 -285.9909693
-177.7795135 -286.7810407
-177.6802655 -287.6110645
-177.5789372 -288.3928421
-177.4433896 -289.3843152
-177.3163870 -290.2418507
-177.1920966 -291.0192958
-177.0716376 -291.7044886
-176.9277688 -292.4696478
-176.7650195 -293.3062013
-176.5829551 -294.1887108
-176.4039322 -295.0098528
-176.2221048 -295.8179662
-176.0611462 -296.5105862
-175.8912343 -297.2318938
-175.6971096 -298.0084106
-175.4656846 -298.8865565
-175.2657140 -299.6467953
-175.0345654 -300.4892286
-174.7516468 -301.4271947
-174.5186023 -302.1676894
-174.3165909 -302.8123728
-174.0667462 -303.5915510
-173.8309368 -304.2930218
-173.5431597 -305.1148446
-173.2365811 -305.9614248
-172.9901596 -306.6367765
-172.6885711 -307.4256410
-172.3796358 -308.1838682
-172.1410351 -308.7688243
-171.8386829 -309.5069052
-171.4924736 -310.3070034
-171.1970864 -310.9744636
-170.8687702 -311.7010941
-170.5005862 -312.5033895
-170.1865160 -313.1737897
-169.8003073 -313.9814080
-169.4603652 -314.6583689
-169.0111686 -315.5260858
-168.6915422 -316.1362636
-168.2673222 -316.9194648
-167.9544633 -317.4713698
-167.4983939 -318.2484435
-167.1121457 -318.9067126
-166.6999861 -319.5958975
-166.2677742 -320.2861965
-165.8758908 -320.9018518
-165.4015334 -321.6343313
-164.9462013 -322.3208238
-164.4417061 -323.0539532
-163.9835564 -323.7270148
-163.5662225 -324.3376877
-163.1292970 -324.9431925
-162.5828669 -325.6748983
-162.1407275 -326.2652701
-161.6421176 -326.9205064
-161.0912505 -327.6127550
-160.6429888 -328.1601108
-160.0804563 -328.8378763
-159.5507870 -329.4674268
-159.0170361 -330.0898285
-158.4926860 -330.6865754
-157.9675064 -331.2721504
-157.3883843 -331.9099637
-156.8126064 -332.5249691
-156.2850569 -333.0777716
-155.6718602 -333.7154920
-155.0164522 -334.3782174
-154.4878757 -334.9046531
-153.9345728 -335.4494094
-153.3762404 -335.9886571
-152.7153289 -336.6161960
-152.0419620 -337.2392476
-151.5132933 -337.7218318
-150.9207152 -338.2523216
-150.2646093 -338.8346473
-149.6450928 -339.3746996
-149.0256422 -339.9107598
-148.3121310 -340.5023695
-147.7206984 -340.9705015
-147.1045261 -341.4701993
-146.4413236 -342.0061666
-145.8112477 -342.4882247
-145.1846740 -342.9617105
-144.4396953 -343.5185360
-143.7618387 -344.0134679
-143.1045348 -344.4776388
-142.4414508 -344.9399218
-141.6950501 -345.4417549
-140.9495711 -345.9210278
-140.2675802 -346.3562943
-139.5505537 -346.8136878
-138.8908008 -347.2187503
-138.1810421 -347.6423189
-137.4816190 -348.0537874
-136.7801814 -348.4505251
-135.9240786 -348.9185024
-135.3326065 -349.2370686
-134.5303673 -349.6501463
-133.8094962 -350.0064057
-133.1133515 -350.3456444
-132.3294267 -350.7119924
-131.5431056 -351.0728010
-130.6395250 -351.4785443
-129.9155861 -351.7876098
-129.3389788 -352.0308825
-128.5811629 -352.3386173
-127.8433598 -352.6243180
-127.0270590 -352.9411512
-126.2896378 -353.2200436
-125.6639726 -353.4482452
-124.9282761 -353.7028444
-124.1850617 -353.9613120
-123.5050590 -354.1918036
-122.7935360 -354.4184888
-122.0875034 -354.6349307
-121.3930440 -354.8458639
-120.7164381 -355.0450065
-120.0753156 -355.2315847
-119.4518361 -355.4074243
-118.7594569 -355.5928265
-118.1417837 -355.7538736
-117.4695360 -355.9320033
-116.8619877 -356.0911626
-116.1132434 -356.2788239
-115.5543579 -356.4194770
-114.9952092 -356.5598516
-114.3569569 -356.7117694
-113.7252747 -356.8596331
-113.0948170 -357.0187306
-112.4623711 -357.1731550
-111.8363636 -357.3182954
-111.2032989 -357.4548327
-110.6424912 -357.5771653
-109.9599210 -357.7265145
-109.3009646 -357.8683745
-108.8346123 -357.9637835
-108.1738851 -358.0921198
-107.5842694 -358.2049827
-106.9970434 -358.3159579
-106.3827803 -358.4360005
-105.7616509 -358.5456140
-105.1204889 -358.6607670
-104.5037571 -358.7778387
-103.9268666 -358.8923418
-103.2726370 -359.0137151
-102.6212514 -359.1236380
-102.0890475 -359.2140027
-101.3949107 -359.3428960
-100.8008053 -359.4600605
-100.2198925 -359.5790200
-99.5995202 -359.7053138
-98.9769688 -359.8331240
-98.3513892 -359.9563541
-97.7227023 -360.0836383
-97.1026526 -360.2168023
-96.4784884 -360.3566508
-95.9260742 -360.4843991
-95.2685135 -360.6388855
-94.6113149 -360.7963118
-94.0052412 -360.9358818
-93.4606544 -361.0685816
-92.7151425 -361.2573879
-92.1799762 -361.3963699
-91.5710718 -361.5541057
-91.0311657 -361.6968013
-90.4351248 -361.8410752
-89.8364703 -361.9852873
-89.2007921 -362.1478817
-88.6208734 -362.3065458
-88.0103693 -362.4660456
-87.4585476 -362.6072867
-86.8160887 -362.7735638
-86.2075990 -362.9430284
-85.5884709 -363.1113170
-84.9996847 -363.2670721
-84.4172052 -363.4219917
-83.7791504 -363.5936536
-83.2082638 -363.7479852
-82.5952383 -363.9081038
-81.8947356 -364.0916492
-81.2793401 -364.2546150
-80.6764396 -364.4204898
-80.1881521 -364.5563152
-79.5880297 -364.7176717
-78.9229115 -364.8962656
-78.3048696 -365.0625118
-77.6586846 -365.2410128
-77.1593375 -365.3735889
-76.5083402 -365.5416608
-75.9195079 -365.6934858
-75.2950803 -365.8539758
-74.7048063 -366.0062959
-74.0430653 -366.1772459
-73.4105667 -366.3457821
-72.7996281 -366.5062721
-72.1713494 -366.6682476
-71.5130185 -366.8394143
-70.9695245 -366.9837191
-70.2852493 -367.1618179
-69.7577919 -367.2966530
-69.0619632 -367.4760825
-68.4606953 -367.6312187
-67.8124695 -367.7953605
-67.2056915 -367.9517965
-66.5466561 -368.1246033
-65.7953444 -368.3199704
-65.2397835 -368.4608092
-64.5347976 -368.6343587
-63.9476637 -368.7855647
-63.3268306 -368.9487162
-62.6547145 -369.1227300
-61.9961663 -369.2906782
-61.3248534 -369.4562125
-60.6533495 -369.6230776
-59.9334790 -369.8041472
-59.3144431 -369.9587574
-58.5473647 -370.1463877
-57.9091124 -370.3013383
-57.2907480 -370.4496043
-56.5711606 -370.6221326
-55.8097503 -370.7952490
-55.1724855 -370.9418129
-54.4857844 -371.1103182
-53.7289560 -371.3079134
-53.1138502 -371.4564889
-52.3489442 -371.6309359
-51.6296103 -371.7974296
-50.8589769 -371.9897330
-50.1348241 -372.1665320
-49.4997219 -372.3063805
-48.7714480 -372.4621047
-48.1208589 -372.5971874
-47.4011201 -372.7531592
-46.6805814 -372.9116067
-46.0318126 -373.0481440
-45.2604617 -373.2061892
-44.5633492 -373.3374655
-43.8288707 -373.4700105
-43.0465588 -373.6113755
-42.3849889 -373.7332129
-41.6655727 -373.8585474
-40.9269270 -373.9797350
-40.2031791 -374.1004584
-39.3469907 -374.2509836
-38.5889082 -374.3769680
-37.9059068 -374.4812896
-37.1484662 -374.5973710
-36.4292771 -374.6981337
-35.7507786 -374.7898290
-34.9362980 -374.9019183
-34.2054896 -374.9842677
-33.5011258 -375.0495035
-32.7408247 -375.1104687
-31.9443030 -375.1839363
-31.1668627 -375.2372886
-30.5094863 -375.2712991
-29.6922013 -375.3084043
-28.9648589 -375.3375871
-28.1014916 -375.3601164
-27.5051216 -375.3686267
-26.7617837 -375.3704526
-26.0487120 -375.3571764
-25.2686746 -375.3380513
-24.5241781 -375.3164195
-23.6972323 -375.2887531
-22.9866622 -375.2447777
-22.2721570 -375.1967174
-21.4826727 -375.1420344
-20.6550751 -375.0752512
-19.7852102 -375.0016907
-19.1826043 -374.9469459
-18.5472157 -374.8866615
-17.7928280 -374.8190428
-16.9169297 -374.7454823
-16.3164863 -374.6897162
-15.5669174 -374.6175173
-14.8564839 -374.5470515
-14.0600380 -374.4688490
-13.3426173 -374.3988473
-12.5531363 -374.3224707
-11.8011893 -374.2426899
-11.0486975 -374.1626924
-10.2977158 -374.0828188
-9.5089721 -373.9970962
-8.7453432 -373.9113426
-8.0008229 -373.8256510
-7.2493458 -373.7347293
-6.4701152 -373.6361638
-5.6448258 -373.5275406
-4.8995332 -373.4345765
-4.1497438 -373.3422003
-3.4476212 -373.2501336
-2.7943671 -373.1595524
-2.0986059 -373.0521980
-1.4047539 -372.9481240
-0.6373218 -372.8332804
0.1612640 -372.7061820
0.8200862 -372.5861704
1.5435810 -372.4470336
2.2283665 -372.3183878
2.9491568 -372.1867402
3.7084158 -372.0294067
4.3109013 -371.8902700
5.1220952 -371.6938508
5.7911016 -371.5253455
6.4789469 -371.3332279
7.0660874 -371.1609471
7.8514695 -370.9109899
8.5188194 -370.6860378
9.1886627 -370.4554533
9.8057236 -370.2470576
10.5002423 -369.9975646
11.2096101 -369.7246449
11.7250293 -369.5215721
12.4733728 -369.2272682
13.2298902 -368.9322216
13.8656433 -368.6808408
14.4210825 -368.4534438
14.9775486 -368.2205693
15.6297818 -367.9437193
16.1820397 -367.7069455
16.9016945 -367.3889054
17.5532300 -367.0955918
18.2319013 -366.7842362
18.8501406 -366.4986283
19.4573943 -366.2140416
20.0720047 -365.9207899
20.6146857 -365.6588873
21.2547829 -365.3461081
21.8891263 -365.0353095
22.5000847 -364.7412532
23.1686080 -364.4136815
23.7566932 -364.1180159
24.4226820 -363.7810673
25.0072764 -363.4768604
25.6685845 -363.1330107
26.2606508 -362.8167964
26.8866649 -362.4773721
27.5175654 -362.1299635
28.1098226 -361.7997303
28.7585520 -361.4306590
29.3270489 -361.1030563
29.8827217 -360.7781151
30.4954279 -360.4144903
31.1342891 -360.0292957
31.7454812 -359.6571916
32.3037379 -359.3144250
32.9550545 -358.9052156
33.4923800 -358.5580236
34.1824616 -358.1064482
34.8362337 -357.6724195
35.4114849 -357.2847182
35.9299266 -356.9296038
36.4459852 -356.5691047
36.9570307 -356.2058514
37.4945833 -355.8179334
38.0778594 -355.3913320
38.6203956 -354.9852483
39.1885172 -354.5484653
39.6759225 -354.1692125
40.1476203 -353.7975107
40.6719211 -353.3739111
41.1848724 -352.9504353
41.6996966 -352.5230602
42.2101233 -352.0939211
42.7137133 -351.6640393
43.1925770 -351.2458554
43.6696993 -350.8237412
44.1241591 -350.4184312
44.6242338 -349.9692386
45.1737777 -349.4693861
45.6284843 -349.0493764
46.1463335 -348.5632643
46.6556641 -348.0781115
47.1622824 -347.5922161
47.6788413 -347.0908781
48.2214696 -346.5558392
48.7946702 -345.9799814
49.2623687 -345.5004300
49.6868059 -345.0627496
50.2147702 -344.5133823
50.6657837 -344.0400203
51.2079808 -343.4519695
51.6523782 -342.9645267
52.1959149 -342.3586505
52.6780570 -341.8241686
53.0778336 -341.3716028
53.6341220 -340.7365748
54.0518641 -340.2537121
54.5000534 -339.7368389
54.9543519 -339.1993242
55.4166424 -338.6482548
55.9150811 -338.0617822
56.3178333 -337.5713376
56.7270963 -337.0497914
57.1644760 -336.4884167
57.6001771 -335.9353977
58.0575368 -335.3369178
58.4365105 -334.8218395
58.8493745 -334.2479005
59.2382099 -333.6977595
59.6337404 -333.1224587
60.0085338 -332.5618268
60.4138206 -331.9403844
60.7659482 -331.3847348
61.1254555 -330.8202964
61.4804073 -330.2571887
61.8935741 -329.5754001
62.1590144 -329.1113221
62.5137028 -328.4867541
62.8657646 -327.8763597
63.1778664 -327.3202460
63.4464469 -326.8278826
63.8069417 -326.1316728
64.0441534 -325.6761671
64.3411929 -325.1060654
64.6338415 -324.5466713
64.9230076 -323.9532667
65.1797054 -323.4206107
65.4609453 -322.8497663
65.6998093 -322.3730620
65.9862171 -321.7915410
66.2685235 -321.2020356
66.5456358 -320.6162440
66.7952830 -320.0954715
67.0522968 -319.5739253
67.3355117 -318.9954061
67.6175021 -318.4061793
67.8806252 -317.8424527
68.1412400 -317.2783237
68.4016837 -316.7171347
68.6568542 -316.1457023
68.9157969 -315.5685448
69.1715995 -314.9945748
69.4277180 -314.4191812
69.6911307 -313.8093129
69.9270125 -313.2466694
70.1894509 -312.6136220
70.4771752 -311.9379918
70.8138718 -311.1071944
71.0740324 -310.4287480
71.2627458 -309.9402530
71.5145721 -309.2981072
71.7597296 -308.6419735
71.9703189 -308.0447624
72.1885117 -307.4177806
72.4084952 -306.7837738
72.6858181 -305.9535334
72.8566318 -305.4179993
73.0852064 -304.6737910
73.2686795 -304.0590950
73.4562013 -303.4104814
73.6491148 -302.7207085
73.8510208 -301.9896835
74.0226838 -301.3539128
74.2187110 -300.5846685
74.3557333 -300.0430379
74.5729979 -299.1678319
74.5943537 -299.0789218
74.7522117 -298.4101308
74.9069757 -297.7364812
75.0327209 -297.1675864
75.1857732 -296.4536131
75.3306690 -295.7451793
75.4472966 -295.1454925
75.5672289 -294.5136830
75.6948240 -293.8212796
75.8177912 -293.1413168
75.9152815 -292.5577533
76.0174392 -291.9209613
76.1155549 -291.2699338
76.1989901 -290.7165743
76.2868163 -290.0884784
76.3558211 -289.5268561
76.4174133 -288.9764676
76.4922575 -288.2825169
76.5406899 -287.8052865
76.5954225 -287.2347206
76.6402407 -286.7024978
76.6871788 -286.0714619
76.7185213 -285.6135114
76.7535504 -285.0495372
76.7868284 -284.4807972
76.8153730 -283.8656679
76.8348000 -283.3889946
76.8543520 -282.8793010
76.8723307 -282.3939626
76.8907899 -281.8799984
76.9078337 -281.3673958
76.9258585 -280.7533188
76.9402296 -280.1073047
76.9510260 -279.7050583
76.9675168 -279.1201641
76.9782408 -278.6928200
76.9901564 -278.1316619
77.0005249 -277.5216389
77.0095175 -277.0741793
77.0202547 -276.5370669
77.0361399 -276.0006353
77.0486545 -275.5001020
77.0642895 -274.9634229
77.0756850 -274.4187595
77.0860601 -273.9028456
77.0939731 -273.3738413
77.1016096 -272.8418041
77.1047563 -272.3129545
77.1054871 -271.7904490
77.1079689 -271.1804569
77.0989895 -270.6268808
77.0893912 -270.1437706
77.0815901 -269.6687684
77.0788449 -269.1476864
77.0776139 -268.6356100
77.0878837 -268.1413898
77.0828804 -267.6623645
77.0613600 -267.1481218
77.0378515 -266.6113189
77.0155214 -266.0870494
77.0167787 -265.6283252
77.0212882 -265.1546537
77.0120323 -264.7067918
76.9855152 -264.1919302
76.9585176 -263.8155244
76.9307893 -263.3254821
76.9144367 -262.8874613
76.9058917 -262.3952217
76.8986041 -261.9716840
76.8829427 -261.5191492
76.8630616 -261.0450135
76.8389079 -260.5235292
76.8238653 -260.1133296
76.8072757 -259.5876056
76.7877829 -259.1724854
76.7699293 -258.7221014
76.7626286 -258.2589673
76.7546959 -257.8108269
76.7402063 -257.2708983
76.7220499 -256.7913160
76.7016881 -256.3484211
76.6790222 -255.8316871
76.6619586 -255.3332273
76.6482986 -254.8600973
76.6317419 -254.4197865
76.6076408 -253.9024027
76.5841982 -253.4018384
76.5603341 -252.9238808
76.5341726 -252.4129339
76.4969052 -251.8082647
76.4705462 -251.3781198
76.4341610 -250.8472741
76.3975256 -250.3073765
76.3684411 -249.7939848
76.3347023 -249.1883408
76.3102985 -248.5963443
76.2815892 -248.1496584
76.2372713 -247.5434882
76.1935063 -246.8897683
76.1703006 -246.3909835
76.1508342 -245.7851847
76.1354624 -245.1973815
76.1171612 -244.5699509
76.0999330 -243.9577306
76.0862466 -243.3577963
76.0814343 -242.7710917
76.0840544 -242.0513159
76.0889391 -241.4856396
76.0928956 -240.8534586
76.1011048 -240.1406304
76.1137840 -239.5585523
76.1329147 -238.8251754
76.1479902 -238.2128468
76.1647312 -237.5546861
76.1800503 -236.8667391
76.1961857 -236.1706994
76.2094244 -235.5149990
76.2201682 -234.7760207
76.2261655 -234.0830757
76.2294702 -233.3354788
76.2296282 -232.6777049
76.2281470 -232.0203487
76.2227883 -231.2965499
76.2163170 -230.5574633
76.2059419 -229.8621664
76.1921765 -229.0450165
76.1782531 -228.3622221
76.1582995 -227.5312236
76.1400114 -226.8547269
76.1153047 -226.0051138
76.0858187 -225.2061916
76.0619020 -224.5529669
76.0330545 -223.8164179
76.0043848 -223.0791727
75.9709027 -222.2545492
75.9442870 -221.5428350
75.9136752 -220.7670610
75.8802261 -219.9899872
75.8442490 -219.1972079
75.8047894 -218.3752923
75.7649612 -217.5834724
75.7207947 -216.7092566
75.6828756 -215.9911829
75.6443903 -215.2188595
75.6004739 -214.3504617
75.5590065 -213.5388049
75.5192573 -212.7850805
75.4749459 -211.9412081
75.4266583 -211.0164717
75.3897398 -210.2426783
75.3487135 -209.3998736
75.3115514 -208.6804073
75.2663052 -207.7674771
75.2230472 -206.9161465
75.1770308 -206.1032054
75.1320018 -205.1967741
75.0910281 -204.2928030
75.0518517 -203.4151367
75.0246236 -202.7286751
74.9903187 -201.8056409
74.9582455 -200.9459856
74.9241907 -200.1566724
74.8878976 -199.3582763
74.8495374 -198.4528352
74.8192877 -197.7040159
74.7872672 -196.8854889
74.7532848 -196.0794953
74.7214091 -195.2824299
74.6902245 -194.4414665
74.6629834 -193.6721140
74.6359199 -192.8614165
74.6091066 -192.0614885
74.5865263 -191.3012343
74.5711744 -190.5210814
74.5570995 -189.6906089
74.5441109 -188.8990985
74.5351907 -188.1517800
74.5272119 -187.3038536
74.5219322 -186.4978291
74.5195623 -185.6413923
74.5183312 -184.8713589
74.5160798 -184.0108371
74.5157243 -183.1897725
74.5168171 -182.3135607
74.5209447 -181.5233036
74.5258163 -180.7901433
74.5333738 -179.9042916
74.5389892 -179.0880856
74.5380215 -178.3541517
74.5404770 -177.5391526
74.5420899 -176.6961003
74.5426429 -175.9640077
74.5434921 -175.1122903
74.5438476 -174.3610880
74.5453091 -173.6244772
74.5475210 -172.7814403
74.5482320 -172.1107306
74.5503057 -171.3215876
74.5500029 -170.6555509
74.5476395 -169.8485052
74.5418529 -169.2345983
74.5354738 -168.5737916
74.5286800 -167.8325542
74.5183378 -167.0392489
74.5099113 -166.4702922
74.4999773 -165.7953738
74.4887991 -165.1153491
74.4790955 -164.4865414
74.4605770 -163.8074606
74.4437570 -163.1912328
74.4288066 -162.5692643
74.4174243 -161.8890385
74.3960882 -161.2065536
74.3760226 -160.5084405
74.3580703 -159.8247951
74.3375637 -159.1614662
74.3139894 -158.5018819
74.2980778 -157.8363868
74.2843848 -157.1561610
74.2607249 -156.3870096
74.2327266 -155.6426930
74.2122793 -155.0117035
74.1900610 -154.2680523
74.1657165 -153.5163239
74.1435311 -152.7576635
74.1240647 -152.1004311
74.0952435 -151.2243431
74.0778640 -150.6771111
74.0574890 -149.9659230
74.0312551 -149.1399998
74.0070553 -148.3869098
73.9836653 -147.6956824
73.9600712 -146.9685258
73.9360360 -146.2109020
73.9127908 -145.4462998
73.8848649 -144.5420812
73.8610536 -143.7831422
73.8353529 -143.0160488
73.8108437 -142.2917857
73.7835038 -141.4712472
73.7565127 -140.6229184
73.7294954 -139.7980164
73.6975406 -138.8757094
73.6716490 -138.1342554
73.6434927 -137.3462109
73.6159421 -136.5398770
73.5877069 -135.6883143
73.5612952 -134.8401867
73.5374114 -134.0726136
73.5043968 -133.0380471
73.4875833 -132.3524211
73.4567411 -131.3205005
73.4376302 -130.6220625
73.4155041 -129.7924643
73.3883354 -128.9114635
73.3618907 -127.9948352
73.3356304 -127.1596821
73.3080930 -126.1350804
73.2859999 -125.4228170
73.2461519 -124.2606646
73.2231437 -123.4964028
73.2035653 -122.7301217
73.1794577 -121.8724161
73.1505444 -120.8970586
73.1270556 -120.0412020
73.0997354 -119.1292699
73.0711710 -118.1777568
73.0462866 -117.3710128
73.0179329 -116.4548487
72.9874462 -115.4896108
72.9614821 -114.6106756
72.9350441 -113.6980240
72.9066903 -112.7920105
72.8782773 -111.8580906
72.8522869 -110.9165811
72.8278634 -109.9846342
72.7988184 -108.9447680
72.7734468 -108.1013211
72.7416501 -107.0614009
72.7201297 -106.2065346
72.6846003 -105.1100591
72.6575895 -104.2996324
72.6219218 -103.2206959
72.5922646 -102.2360930
72.5634303 -101.3464967
72.5283485 -100.2058447
72.5046820 -99.4478728
72.4779543 -98.4841512
72.4469673 -97.4333918
72.4230243 -96.5733729
72.3937686 -95.5687939
72.3668369 -94.5727639
72.3424593 -93.6859218
72.3195565 -92.8027857
72.2964693 -91.9818681
72.2717626 -91.0317167
72.2503541 -90.1830088
72.2286823 -89.3188972
72.2101572 -88.4261444
72.1884722 -87.5946429
72.1722645 -86.7862510
72.1577222 -85.9478717
72.1399740 -85.1097012
72.1231935 -84.2435316
72.1082562 -83.5240266
72.0965316 -82.7071011
72.0853994 -81.9395822
72.0704029 -81.1120342
72.0590272 -80.3350610
72.0501860 -79.5366649
72.0423323 -78.6319279
72.0381980 -78.0033600
72.0287314 -77.2362743
72.0241364 -76.4995165
72.0202852 -75.6951863
72.0176322 -74.9834180
72.0131622 -74.1566978
72.0072769 -73.5581561
72.0033862 -72.8489176
71.9970927 -71.9208700
71.9960789 -71.2822444
71.9935839 -70.6001540
71.9888045 -69.8437218
71.9830639 -69.1389706
71.9807730 -68.3963020
71.9795617 -67.4486108
71.9787256 -66.9542127
71.9709706 -66.1900824
71.9546378 -65.4415107
71.9379231 -64.6353585
71.9253953 -63.8819242
71.9150663 -63.1265906
71.8907875 -62.3779878
71.8735001 -61.6896462
71.8625655 -60.9686055
71.8555807 -60.2112409
71.8380168 -59.4044428
71.8235206 -58.7063336
71.8153114 -57.9284862
71.8061805 -57.0907606
71.7888404 -56.3559330
71.7648777 -55.5091245
71.7513032 -54.7621774
71.7434297 -54.0779518
71.7220212 -53.3306217
71.6932856 -52.4803627
71.6715546 -51.6704002
71.6525292 -50.9575874
71.6368020 -50.1857127
71.6201926 -49.3684584
71.6015359 -48.6635642
71.5741367 -47.8089068
71.5528204 -47.0986665
71.5318595 -46.3043476
71.5080350 -45.5314710
71.4885422 -44.8410173
71.4597013 -44.0718543
71.4338821 -43.3137393
71.4067594 -42.5387196
71.3841923 -41.7564352
71.3653446 -41.0588830
71.3468459 -40.2776276
71.3196047 -39.3519976
71.2982291 -38.6476991
71.2846744 -37.9843238
71.2649051 -37.1668451
71.2450831 -36.4599587
71.2235232 -35.6839448
71.2051035 -34.9655771
71.1845179 -34.2188660
71.1643273 -33.3860106
71.1508647 -32.6933829
71.1354535 -31.9580989
71.1186137 -31.1137333
71.1057239 -30.3984622
71.0940519 -29.6449795
71.0805695 -28.8580956
71.0737757 -28.1338673
71.0679298 -27.4097629
71.0566331 -26.6344202
71.0461264 -25.8756069
71.0431573 -25.1262924
71.0427821 -24.3695990
71.0416695 -23.6916091
71.0377591 -22.8869811
71.0371798 -22.1728125
71.0403266 -21.3658635
71.0456194 -20.6243069
71.0526700 -19.9593495
71.0631768 -19.2922625
71.0819388 -18.5215232
71.1002269 -17.7996623
71.1217012 -17.0828342
71.1483499 -16.4159387
71.1762560 -15.8026131
71.2058013 -15.1217897
71.2417455 -14.4091722
71.2790655 -13.7330246
71.3266224 -12.9826115
71.3710391 -12.3354079
71.4157586 -11.7433494
71.4734602 -11.0409212
71.5310366 -10.4502612
71.5986590 -9.7728023
71.6559458 -9.1626719
71.7194077 -8.6016647
71.7986889 -8.0232538
71.9051191 -7.3739511
71.9944462 -6.7805097
72.1000075 -6.1096676
72.2006050 -5.5494887
72.3474560 -4.8850221
72.4793434 -4.3448464
72.6320533 -3.7433906
72.8013858 -3.0930050
72.9510609 -2.5339063
73.1241722 -1.9167104
73.2941037 -1.3333587
73.4789791 -0.7374455
73.6739794 -0.1222436
73.8323641 0.4042945
74.0062851 0.9649055
74.1846299 1.5665668
74.3590249 2.1410485
74.5566453 2.7661960
74.7411718 3.3292605
74.9321497 3.9092902
75.1352803 4.5200487
75.3200635 5.0625836
75.5140434 5.6100390
75.7225655 6.1811522
75.9497905 6.7900157
76.1362919 7.2812722
76.3705609 7.8830862
76.5775821 8.4037658
76.7860384 8.9187580
77.0148960 9.4723264
77.2700270 10.0794182
77.5096020 10.6335484
77.7596706 11.1993494
77.9824190 11.6957407
78.2445677 12.2884277
78.4782837 12.7836943
78.7614130 13.3543114
79.0392889 13.9095973
79.3083302 14.4724594
79.5804261 15.0176411
79.8797171 15.5956787
80.1477051 16.0914288
80.4513410 16.6553508
80.7475050 17.2067877
81.0469671 17.7573871
81.3857177 18.3643097
81.7263313 18.9716925
81.9902443 19.4322948
82.3864397 20.1149731
82.6372061 20.5499070
82.9584059 21.1138793
83.2798888 21.6762636
83.5982776 22.2268127
83.9115052 22.7663525
84.2409208 23.3350326
84.5506725 23.8712668
84.8828596 24.4436238
85.2115379 25.0115650
85.5426125 25.5885658
85.8760571 26.1676111
86.1884947 26.7057061
86.5210636 27.2784460
86.8748568 27.8915095
87.1748653 28.4118004
87.5058017 28.9889773
87.8499043 29.5892095
88.1977792 30.1933914
88.5546993 30.8180599
88.8455244 31.3332059
89.1344535 31.8483171
89.4364106 32.3944350
89.7461689 32.9607128
90.0686919 33.5574094
90.4172317 34.2098643
90.6700586 34.6863442
91.0188025 35.3482998
91.3030641 35.8973848
91.5681160 36.4142077
91.8751488 37.0180104
92.1507140 37.5661940
92.4722759 38.2082625
92.7533249 38.7785189
93.0498510 39.3875052
93.3104724 39.9217124
93.6029959 40.5262308
93.8899895 41.1287531
94.1732702 41.7310162
94.4526735 42.3303936
94.7438803 42.9608376
95.0214073 43.5605167
95.3134173 44.2001171
95.5757570 44.7839282
95.8398477 45.3786519
96.1249322 46.0261476
96.3964554 46.6485377
96.6598352 47.2538607
96.8988835 47.8078662
97.1922957 48.4994572
97.4350767 49.1125401
97.6448760 49.6390029
97.8983086 50.2520278
98.1759739 50.9029741
98.4338369 51.5475260
98.6814500 52.1935943
98.9927224 52.9775885
99.2804204 53.6810747
99.4481203 54.0927289
99.7274906 54.8116188
99.9770588 55.4578186
100.2070356 56.0457147
100.4775120 56.7391819
100.7204049 57.3725542
101.0024612 58.1117143
101.2568022 58.7796697
101.5166534 59.4445653
101.7654317 60.0871173
102.0159743 60.7328606
102.3054629 61.4871498
102.6001918 62.2549860
102.8088061 62.7902454
103.0754314 63.4781692
103.3410165 64.1700349
103.6661794 65.0215937
103.9161097 65.6829652
104.1375744 66.2719831
104.4026000 66.9703824
104.6817530 67.7105367
104.9476344 68.4250051
105.2228902 69.1784510
105.4706481 69.8409134
105.7365492 70.5458889
106.0056103 71.2653010
106.2896217 72.0338412
106.5272481 72.6772713
106.8214042 73.4635672
107.0632570 74.1136741
107.3330488 74.8465094
107.6024061 75.5754609
107.8735013 76.3058360
108.1720879 77.1090598
108.4295099 77.7999158
108.6961352 78.5266624
108.9824310 79.3082544
109.2221443 79.9706162
109.5104743 80.7555272
109.7571723 81.4281865
110.0297619 82.1815706
110.2862688 82.8899811
110.5580026 83.6339651
110.8340090 84.3832332
111.1438660 85.2342233
111.3703141 85.8571898
111.6571168 86.6435631
111.9222872 87.3763907
112.2101696 88.1656730
112.4853595 88.9203181
112.7437229 89.6298737
113.0220597 90.3832655
113.3290333 91.2195869
113.5832887 91.9070310
113.8938962 92.7510117
114.1496790 93.4400728
114.4728735 94.3032328
114.7717103 95.0060266
115.1078342 95.7901098
115.4443794 96.5721970
115.7811089 97.3520405
116.1551651 98.2286700
116.4394135 98.8914264
116.8294009 99.8012232
117.1152293 100.4702308
117.4652832 101.2979799
117.8004196 102.0835873
118.1033116 102.8653727
118.4154332 103.6750025
118.7593253 104.5682969
119.0891688 105.4235113
119.3590001 106.1220035
119.6819576 106.9650790
120.0300102 107.8711312
120.3094924 108.6050033
120.6356099 109.4666082
120.9229787 110.2347383
121.2004465 111.0625030
121.4621015 111.8483888
121.7251258 112.6472801
122.0463980 113.6105297
122.2878426 114.3384832
122.5396623 115.0999366
122.7878876 115.8507830
123.0605233 116.6825320
123.2929358 117.3896969
123.5525632 118.1837682
123.8264629 118.9613991
124.1172287 119.7922970
124.3745651 120.5164982
124.6343636 121.2475309
124.9047215 122.0068644
125.2196476 122.8874165
125.5090441 123.6988025
125.7418779 124.3568937
125.9730264 125.0154954
126.2833706 125.8916840
126.4967182 126.4871698
126.7660360 127.2447935
127.0378291 128.0057208
127.3005110 128.7479717
127.5707241 129.5031119
127.8421617 130.2594436
128.1122168 131.0145916
128.3616534 131.7178573
128.6087991 132.4186317
128.8734428 133.1666619
129.1699623 133.9828989
129.4064037 134.6407347
129.6559193 135.3516288
129.9615762 136.2015977
130.1730542 136.7883487
130.4336690 137.5264141
130.6845539 138.2592649
130.9459193 139.0214223
131.1723542 139.6687517
131.4226730 140.3720019
131.6977576 141.1409367
131.8982417 141.7023578
132.1710354 142.4762131
132.4048041 143.1227533
132.6493428 143.8160696
132.9204907 144.5744361
133.1612243 145.2585921
133.4145055 145.9827005
133.6880234 146.7662730
133.9814224 147.5957397
134.1878182 148.1729127
134.4416261 148.8748632
134.6910363 149.5734869
134.9520330 150.3126663
135.1837477 150.9710127
135.4577922 151.7424851
135.6905997 152.3926152
135.9754274 153.1868799
136.2166087 153.8653263
136.4467039 154.5127794
136.7071213 155.2406169
136.9658270 155.9682222
137.2246907 156.7006707
137.4807368 157.4139786
137.7497781 158.1571347
137.9955676 158.8296393
138.2711526 159.5966554
138.4701752 160.1487306
138.7666421 160.9588400
139.0163420 161.6309423
139.2476880 162.2517503
139.5087768 162.9686326
139.7741184 163.7119279
139.9899281 164.3048683
140.2477912 164.9976895
140.4983337 165.6622562
140.7606339 166.3608489
141.0206167 167.0568576
141.2508568 167.6682578
141.5571852 168.4847268
141.7717178 169.0496913
142.0450250 169.7717572
142.2753704 170.3850915
142.5450832 171.1014012
142.7861196 171.7465025
143.0391901 172.4184191
143.2794629 173.0520699
143.5315196 173.7156464
143.7885269 174.3900387
144.0474828 175.0766086
144.3396574 175.8544870
144.5399440 176.3839865
144.7887881 177.0391764
145.0367632 177.6865831
145.3119532 178.4115889
145.5460378 179.0347334
145.7771337 179.6472786
146.0274261 180.3012924
146.2644073 180.9164991
146.5863642 181.7562246
146.7734449 182.2492997
147.0370617 182.9429719
147.2758467 183.5628205
147.5278113 184.2189698
147.7744698 184.8657266
148.0649459 185.6225767
148.2793468 186.1857463
148.5313245 186.8528197
148.7616436 187.4583864
149.0484463 188.2108265
149.2914445 188.8612815
149.5344165 189.5111640
149.8323842 190.2965624
150.0826371 190.9515821
150.3163794 191.5796007
150.5862634 192.2940072
150.8188734 192.9079450
151.1251623 193.7205302
151.3556262 194.3375627
151.6219684 195.0571683
151.8893112 195.7763561
152.1530465 196.4858885
152.4080788 197.1675533
152.6972514 197.9363024
152.9430673 198.5918791
153.2492904 199.4114892
153.5400167 200.1911780
153.8071225 200.9075961
154.0612332 201.5868935
154.3592800 202.3927323
154.6079002 203.0709002
154.8859342 203.8285084
155.2160542 204.7193116
155.5358650 205.5871059
155.7454470 206.1545616
156.0379244 206.9512092
156.3019493 207.6724550
156.5918461 208.4632691
156.8775560 209.2438554
157.2231202 210.1868967
157.4928198 210.9258131
157.7607025 211.6557395
158.0666096 212.4831327
158.3719505 213.3146574
158.6588059 214.1035992
158.9620139 214.9325243
159.2665122 215.7641263
159.5380814 216.5141372
159.8678855 217.4256438
160.1743850 218.2658644
160.4665465 219.0682527
160.7605775 219.8808998
161.0534104 220.6935778
161.3590937 221.5406842
161.6689112 222.3957129
161.9840479 223.2616504
162.3861879 224.3676730
162.6507526 225.0987289
162.9190434 225.8312393
163.2270571 226.6709648
163.5464334 227.5553775
163.8779096 228.4645477
164.1296898 229.1626917
164.4961753 230.1727174
164.7811347 230.9566149
165.1362840 231.9233770
165.4082745 232.6729855
165.7355375 233.5654289
166.0487782 234.4284728
166.3961462 235.3765740
166.6934293 236.1922694
167.0259193 237.1077681
167.3286664 237.9358886
167.6419862 238.7930991
167.9980703 239.7641628
168.3229369 240.6478791
168.6619442 241.5747663
168.9572919 242.3771081
169.2822112 243.2596950
169.6936466 244.3697871
169.9718386 245.1264979
170.2643818 245.9208709
170.6029283 246.8428839
170.9129960 247.6844818
171.2395084 248.5658926
171.5597405 249.4348629
171.8618557 250.2545194
172.1873806 251.1412995
172.5141037 252.0333870
172.8765603 253.0230962
173.1627442 253.8156898
173.4618312 254.6455742
173.7856445 255.5387294
174.0814530 256.3583395
174.3638318 257.1502213
174.7128192 258.1264995
175.0249277 258.9973730
175.3025403 259.7758549
175.5821015 260.5629245
175.9209245 261.5211917
176.2269896 262.3887229
176.4990855 263.1607214
176.7859145 263.9691442
177.1274498 264.9414303
177.4518029 265.8690602
177.7527331 266.7270289
178.0495949 267.5738258
178.3321449 268.3840126
178.6114296 269.1862771
178.8753361 269.9343537
179.1943700 270.8445605
179.4627793 271.6119789
179.7427224 272.4171524
180.0504728 273.2987334
180.3384868 274.1236200
180.6546241 275.0320010
180.9132377 275.7813464
181.1668875 276.5188702
181.4635782 277.3859682
181.7195321 278.1350351
181.9955779 278.9432723
182.2790759 279.7755861
182.5497103 280.5696806
182.8027281 281.3068639
183.0861208 282.1259944
183.3304225 282.8279294
183.5926831 283.5818549
183.8553519 284.3346974
184.1159272 285.0843833
184.4207415 285.9582276
184.6427789 286.5926677
184.8995624 287.3239711
185.2077209 288.1989296
185.4665978 288.9346894
185.6700970 289.5112899
185.9347012 290.2602949
186.1748424 290.9366988
186.4081765 291.5976912
186.6636696 292.3146973
186.9075105 292.9999829
187.1394885 293.6464303
187.3914267 294.3500983
187.6063543 294.9438433
187.8558436 295.6370203
188.1021466 296.3221202
188.3177325 296.9340310
188.5553984 297.6036576
188.7563301 298.1727070
188.9776565 298.7937471
189.1945591 299.4090930
189.4011787 300.0114103
189.5720648 300.5167403
189.8110210 301.1928347
190.0051852 301.6985362
190.2202050 302.2854419
190.3981614 302.8150962
190.5869538 303.3868999
190.8067134 304.0007913
190.9594168 304.4147974
191.1580708 304.9635458
191.3314190 305.4738583
191.4964329 305.9797453
191.6448046 306.4273287
191.7947957 306.8648234
191.9594278 307.3405374
192.1204918 307.8117022
192.2668096 308.2435955
192.4230810 308.7103968
192.5620387 309.1224842
192.7236689 309.5965271
192.8615996 310.0069433
192.9733557 310.3414781
193.1038211 310.7323360
193.2376966 311.1342419
193.3521517 311.4883350
193.4673178 311.8669998
193.5761772 312.2502448
193.6651555 312.5953943
193.7570435 312.9830956
193.8488788 313.3970398
193.9216756 313.7476050
193.9992122 314.1619206
194.0649650 314.5756172
194.1134567 314.9687652
194.1452534 315.3433760
194.1643842 315.7566084
194.1678732 316.1459190
194.1623565 316.4978458
194.1460303 316.8857638
194.1111657 317.3516676
194.0760774 317.6429387
194.0040179 318.0722944
193.9297729 318.4024966
193.8245210 318.7765504
193.6867088 319.1782397
193.5354405 319.5532838
193.4024603 319.8506824
193.2243854 320.2169995
193.0253628 320.5827905
192.8099612 320.9301372
192.5959289 321.2181280
192.3329968 321.5290503
192.0410329 321.8365066
191.7640391 322.1028656
191.4581715 322.3749188
191.1069590 322.6634047
190.7719806 322.9174469
190.4253895 323.1555205
190.0316628 323.4014856
189.6917865 323.5945935
189.3056831 323.7844520
188.9107583 323.9634792
188.5245101 324.1237526
188.1095461 324.2791983
187.6629038 324.4290426
187.1700213 324.5655179
186.7816797 324.6513024
186.3374732 324.7308357
185.8664863 324.7963500
185.3919182 324.8439771
184.8826173 324.8618334
184.4099188 324.8579032
183.9428028 324.8290298
183.4516846 324.7736969
182.9552209 324.6925545
182.5161229 324.6075746
182.0261238 324.4973422
181.5596531 324.3767425
181.0812535 324.2340779
180.6798640 324.1026469
180.2430307 323.9439208
179.7660795 323.7695047
179.3305233 323.6065080
178.9139267 323.4451824
178.5023201 323.2816905
178.0398518 323.0938436
177.6173172 322.9211296
177.1898451 322.7466516
176.7345262 322.5605067
176.2375358 322.3543392
175.7520265 322.1482645
175.3469240 321.9776549
174.8690775 321.7776459
174.4763910 321.6130708
174.0647186 321.4375716
173.6066611 321.2385219
173.1086042 321.0226990
172.6268999 320.8200285
172.1344782 320.6156869
171.6304175 320.4031134
171.1514386 320.2001025
170.7793180 320.0434809
170.2895559 319.8407794
169.7783458 319.6290725
169.2664379 319.4162824
168.7199552 319.1934346
168.2765782 319.0130767
167.8432076 318.8444167
167.3210431 318.6427365
166.7390507 318.4160204
166.2762402 318.2427184
165.7166437 318.0344156
165.1479625 317.8192116
164.6255611 317.6166340
164.0801053 317.4133755
163.5313843 317.2277567
162.9710242 317.0457277
162.4047129 316.8486276
161.7849463 316.6204260
161.1972792 316.4158368
160.4721817 316.1942269
159.9580750 316.0453729
159.3765961 315.8782293
158.8326150 315.7170275
158.1848961 315.5309754
157.4932016 315.3400028
156.8928685 315.1790176
156.3144310 315.0276878
155.6612613 314.8645364
154.9909490 314.7024062
154.2171228 314.5231005
153.5816355 314.3849541
152.9801438 314.2622191
152.4095271 314.1540291
151.7288529 314.0284161
150.9402804 313.8887533
150.3621062 313.7939014
149.6678970 313.6916532
148.9747805 313.5977607
148.2729875 313.5141115
147.5685743 313.4381991
146.8500205 313.3683522
146.1270032 313.3139168
145.1820144 313.2621737
144.5735050 313.2341979
143.8452607 313.2075836
143.1439022 313.1932243
142.3980150 313.1877777
141.6176056 313.1932862
140.9549429 313.2086358
140.1456598 313.2404491
139.3905561 313.2770282
138.7904337 313.3119981
137.9827568 313.3679808
137.3055321 313.4249848
136.4397389 313.5103979
135.7134696 313.5880434
135.0354023 313.6680718
134.2227354 313.7760451
133.4033273 313.8973875
132.7459312 314.0039682
131.8898416 314.1520486
131.1883250 314.2838819
130.3676003 314.4501589
129.5503646 314.6267413
128.7963538 314.7959893
128.0890967 314.9567269
127.2854355 315.1469877
126.4043431 315.3639556
125.6780342 315.5470677
124.7605236 315.7899071
124.1387952 315.9588766
123.3422570 316.1817244
122.4518427 316.4419559
121.6393996 316.6996188
120.9088644 316.9482453
120.0558821 317.2307585
119.3866889 317.4392161
118.4867159 317.7553684
117.6923502 318.0586779
117.0566259 318.2932235
116.1944008 318.6083237
115.4222072 318.9149444
114.5742281 319.2801784
113.6591533 319.6922658
113.0383991 319.9788949
112.2254425 320.3652655
111.4564747 320.7438066
110.7377761 321.1111140
109.9805856 321.5133294
109.1579583 321.9639455
108.4996142 322.3335739
107.7116802 322.7909674
106.9079138 323.2694975
106.3937281 323.5810079
105.7101244 324.0033696
105.0455921 324.4235650
104.3554973 324.8697558
103.7094374 325.2995757
103.1719012 325.6663260
102.4580873 326.1697993
101.8408025 326.6143189
101.3001524 327.0122945
100.6958826 327.4716377
100.0140300 328.0065219
99.5291658 328.3967609
98.9401030 328.8840799
98.4461738 329.3045229
97.9064454 329.7751926
97.2951184 330.3189895
96.7886021 330.7737215
96.2633764 331.2642590
95.7628311 331.7472145
95.1543217 332.3514505
94.6994965 332.8062135
94.1668977 333.3505365
93.6774121 333.8662647
93.2064319 334.3812502
92.7179601 334.9330932
92.2063945 335.5330895
91.7748936 336.0472394
91.2851117 336.6218593
90.7917092 337.1994810
90.3086817 337.7832612
89.8309141 338.3783060
89.2822985 339.0737421
88.8178092 339.6601837
88.3337284 340.2665240
87.7420258 341.0178810
87.2766478 341.6218694
86.7598157 342.2909699
86.2825024 342.9083582
85.7696071 343.5678033
85.1955672 344.2997566
84.7278785 344.9016097
84.1809612 345.6120860
83.6843527 346.2553768
83.1731558 346.9045785
82.5062338 347.7399251
82.0535087 348.3052609
81.4869143 348.9925890
80.8541195 349.7462051
80.2711857 350.4309956
79.6700758 351.1203971
79.0923493 351.7748907
78.3843220 352.5627649
77.9289438 353.0641337
77.3059448 353.7400425
76.6689500 354.4093286
75.9505805 355.1685461
75.3654479 355.7677996
74.6384281 356.4989174
74.0298528 357.1016989
73.3509232 357.7605869
72.6784186 358.4040634
72.0692311 358.9823969
71.3108096 359.6896238
70.6870996 360.2617061
69.9417456 360.9395025
69.2334418 361.5747163
68.4325588 362.2719473
67.6983962 362.8983412
66.9218380 363.5458408
66.1315210 364.1938355
65.5157766 364.6875915
64.7123854 365.3258689
63.9770049 365.9092158
63.1644236 366.5526304
62.4666858 367.1004504
61.6465732 367.7420701
60.9653395 368.2714458
60.2385040 368.8356676
59.3426059 369.5300206
58.6035455 370.0968110
57.8942213 370.6324998
57.1159185 371.2067793
56.3430535 371.7494312
55.5691680 372.2717510
54.6662095 372.8533649
53.8648031 373.3450474
53.1925652 373.7399284
52.3624759 374.2102576
51.5150268 374.6670322
50.7349959 375.0647293
49.9458638 375.4485932
49.1117127 375.8381514
48.3124689 376.1975364
47.4585386 376.5632964
46.6159873 376.9090339
45.6688392 377.2864609
44.7173298 377.6407707
43.9811133 377.8971957
43.1715141 378.1705177
42.1782805 378.4947781
41.4487163 378.7229178
40.5168214 379.0021507
39.5104082 379.2897082
38.5010952 379.5631230
37.6642680 379.7755727
36.6134316 380.0337927
35.7163124 380.2432096
34.5629890 380.5008416
33.8496853 380.6563492
32.7841058 380.8798778
31.8462301 381.0686841
30.9128672 381.2477732
29.9752121 381.4230558
28.9252742 381.6059203
27.9833203 381.7603138
26.8175087 381.9490273
26.0468588 382.0634376
24.8900563 382.2125392
23.9090197 382.3280017
22.9209637 382.4378318
21.8747306 382.5437317
20.7629076 382.6440921
19.7542660 382.7341473
18.6306378 382.8294943
17.6167675 382.9070779
16.4225758 382.9884061
15.3797857 383.0510423
14.3413717 383.1089747
13.2565455 383.1632244
12.2491095 383.2100469
11.1480294 383.2606759
9.9882118 383.3045275
8.8169723 383.3461818
7.8651724 383.3773452
6.6318013 383.4116962
5.5193579 383.4409718
4.4884426 383.4647390
3.4339730 383.4864946
2.2536346 383.5045365
1.2131160 383.5191744
0.0036908 383.5332551
-0.9147417 383.5423535
-2.0616056 383.5529992
-3.2617289 383.5547013
-4.2511630 383.5559701
-5.4815235 383.5562796
-6.6495697 383.5557225
-7.5340871 383.5563414
-8.7042527 383.5583530
-9.8632310 383.5606431
-10.9094008 383.5629641
-11.8461590 383.5634592
-12.9941047 383.5649756
-14.1265313 383.5656874
-15.2068867 383.5695867
-16.5188877 383.5731456
-17.4439640 383.5740740
-18.3771788 383.5742287
-19.5693018 383.5738264
-20.5185565 383.5722790
-21.5746545 383.5712887
-22.6164621 383.5726195
-23.8037777 383.5766735
-24.8927603 383.5825224
-25.7074615 383.5842245
-26.8815877 383.5880310
-27.7377612 383.5888665
-28.6762721 383.5869788
-29.6456417 383.5837603
-30.6098600 383.5846887
-31.4962816 383.5847815
-32.5419239 383.5867931
-33.3935435 383.5884952
-34.2171319 383.5876286
-35.1182241 383.5857099
-35.9241169 383.5870097
-36.7782019 383.5874120
-37.4208649 383.5852148
-38.3152291 383.5812846
-39.0332562 383.5822130
-39.7914178 383.5891760
-40.6795312 383.5943132
-41.4218536 383.5953653
-42.1370862 383.5919921
-42.8411110 383.5949011
-43.6782970 383.6067538
-44.4458494 383.6187302
-45.1738303 383.6288807
-45.9421497 383.6431162
-46.7042907 383.6638196
-47.4395889 383.6875249
-48.1525108 383.7106731
-48.9049351 383.7385871
-49.6583831 383.7660369
-50.4094775 383.7932081
-51.1783071 383.8214007
-51.9721527 383.8537710
-52.7242939 383.8897312
-53.4327393 383.9261246
-54.1855487 383.9621466
-54.9375253 383.9995923
-55.7204034 384.0441866
-56.4537035 384.0842008
-57.2233099 384.1225129
-57.8403906 384.1477345
-58.5697870 384.1735751
-59.2734036 384.1946498
-60.0387243 384.2152604
-60.6546859 384.2291555
-61.3972420 384.2389037
-61.9923941 384.2414723
-62.6812381 384.2407296
-63.2955078 384.2366137
-63.9644442 384.2224401
-64.5968901 384.1999108
-65.2010086 384.1707280
-65.8277402 384.1252362
-66.4504628 384.0653851
-67.0634487 383.9907724
-67.6729391 383.8991080
-68.2428250 383.7970455
-68.8403010 383.6714016
-69.4540639 383.5201956
-70.0612698 383.3475125
-70.5914526 383.1773981
-71.1417668 382.9826809
-71.6827920 382.7678483
-72.2804656 382.5099069
-72.7961259 382.2653654
-73.3390800 381.9809644
-73.8444047 381.6905288
-74.4535461 381.3114926
-74.8907679 381.0203453
-75.4306806 380.6276615
-75.9076582 380.2416313
-76.4770240 379.7503511
-76.9267340 379.3283607
-77.3692618 378.8854813
-77.8020860 378.4185253
-78.2437185 377.9034470
-78.6449829 377.3974361
-79.0955290 376.8074356
-79.4916717 376.2672595
-79.9041736 375.6576697
-80.2007326 375.1674108
-80.5735116 374.5066659
-80.8988588 373.8889991
-81.2058851 373.2678971
-81.4669475 372.6925964
-81.7516239 372.0169971
-81.9763012 371.4272442
-82.2167583 370.7244737
-82.4199942 370.0716822
-82.5971409 369.4395013
-82.7667367 368.7582387
-82.9347196 367.9774513
-83.0504256 367.2992525
-83.1586398 366.5964201
-83.2443067 365.9351492
-83.3215077 365.2236207
-83.3790907 364.5444316
-83.4285567 363.7540198
-83.4689116 362.9168164
-83.4845664 362.1854511
-83.4770945 361.4427592
-83.4631908 360.7392459
-83.4454096 360.0480804
-83.4214337 359.3409464
-83.3588540 358.3916537
-83.3074921 357.7317445
-83.2582038 357.0470469
-83.1999427 356.2773075
-83.1409706 355.5471800
-83.0605703 354.6533749
-82.9887083 353.8987376
-82.9112572 353.1424291
-82.8283947 352.3103320
-82.7481458 351.4639374
-82.6846840 350.7986125
-82.5994582 349.9168457
-82.5194989 349.1048949
-82.4421729 348.3331749
-82.3733194 347.6166950
-82.2965662 346.7841336
-82.2262447 346.0593908
-82.1390900 345.1761387
-82.0707763 344.3982293
-82.0062744 343.6857415
-81.9357488 342.9970517
-81.8630113 342.2766415
-81.7914455 341.5626992
-81.7203999 340.8629305
-81.6472344 340.2052804
-81.5697109 339.5124128
-81.4880664 338.8124894
-81.3999505 337.9616075
-81.3350602 337.3609613
-81.2566874 336.6604499
-81.1871691 335.9926802
-81.1098036 335.2863817
-81.0243934 334.5459180
-80.9377456 333.7611075
-80.8638429 333.0772764
-80.7865696 332.3546380
-80.7142468 331.7022179
-80.6279479 330.9634253
-80.5520175 330.3083438
-80.4731774 329.5324460
-80.4051402 328.8363290
-80.3326595 328.0925540
-80.2551096 327.3535757
-80.1646436 326.5096259
-80.0945788 325.7825621
-80.0023946 324.9267597
-79.9353186 324.2794458
-79.8545101 323.4939545
-79.7811274 322.7967235
-79.6771527 321.8943152
-79.6082137 321.2756890
-79.5240083 320.4400639
-79.4187959 319.4849223
-79.3321810 318.7197012
-79.2502995 317.9804134
-79.1649288 317.2395165
-79.0587290 316.3218824
-78.9751227 315.5625721
-78.8788108 314.6933697
-78.7882921 313.8656051
-78.6807756 312.9441336
-78.6016129 312.2254874
-78.5139645 311.4121749
-78.3972118 310.4243845
-78.3025918 309.6998584
-78.1925343 308.7816673
-78.0988030 307.9864896
-77.9725508 306.9865062
-77.8656992 306.1651475
-77.7595192 305.3068075
-77.6442741 304.3488498
-77.5431960 303.4893957
-77.4000908 302.3337808
-77.2984795 301.5451639
-77.1690411 300.5181329
-77.0647174 299.7154043
-76.9527310 298.8212588
-76.8089018 297.7221837
-76.6906810 296.8218799
-76.5627699 295.8554737
-76.4429166 294.9452049
-76.3276978 294.0645523
-76.1731577 292.8443515
-76.0689855 292.0312866
-75.9375195 291.0131683
-75.8322610 290.1914693
-75.6979708 289.1544735
-75.5661624 288.1444632
-75.4420037 287.1922307
-75.3227823 286.2640438
-75.1843579 285.1819585
-75.0461177 284.0932815
-74.9470211 283.3048503
-74.8042123 282.1803060
-74.6954779 281.3042644
-74.5835178 280.3887966
-74.4682069 279.4065147
-74.3344104 278.2551396
-74.2486777 277.4371541
-74.1464212 276.4605665
-74.0544739 275.5457176
-73.9598210 274.5837677
-73.8627060 273.5869408
-73.7660057 272.5371640
-73.6854539 271.6292472
-73.6053498 270.7197521
-73.5312496 269.8270302
-73.4461817 268.7679694
-73.3774599 267.8735144
-73.3072438 266.9302564
-73.2437293 265.9977679
-73.1820317 265.0753061
-73.1252321 264.1144394
-73.0686562 263.0133218
-73.0362275 262.2970895
-73.0010338 261.3589686
-72.9737663 260.4328242
-72.9559391 259.4572732
-72.9548924 258.7182485
-72.9636348 257.7518113
-72.9832395 256.9354352
-73.0128441 256.1523577
-73.0537322 255.2451527
-73.1029151 254.3792926
-73.1594448 253.6127562
-73.2384101 252.6566243
-73.3051240 251.9187137
-73.4064128 251.0457513
-73.5106376 250.2407636
-73.6265213 249.3878857
-73.7567234 248.5415684
-73.8854838 247.7557677
-74.0610637 246.7932917
-74.2170916 245.9953134
-74.4103934 245.0802634
-74.5589560 244.4339553
-74.7610464 243.6066239
-74.9813261 242.7415375
-75.1946408 241.9788849
-75.4643009 241.0955089
-75.7293199 240.2587233
-76.0165044 239.4092031
-76.2356650 238.7905150
-76.5378328 237.9825254
-76.8239180 237.2572411
-77.1411481 236.4862638
-77.4441060 235.7742247
-77.8438826 234.8743231
-78.1495724 234.2269319
-78.5005809 233.4938335
-78.9045773 232.6623862
-79.2512540 231.9470977
-79.6132103 231.1969167
-79.9678724 230.4891328
-80.3651606 229.7393076
-80.7180453 229.0458211
-81.0487249 228.3496423
-81.4570069 227.5388055
-81.8250921 226.8042681
-82.1449556 226.1522658
-82.5832965 225.2252548
-82.8358601 224.6757173
-83.1863353 223.9324684
-83.5735709 223.1162469
-83.9833277 222.2409326
-84.3000575 221.5606758
-84.6607827 220.7758034
-85.0089867 220.0168954
-85.3229780 219.3278034
-85.6369758 218.6403979
-86.0725057 217.6822236
-86.3132195 217.1486236
-86.6782107 216.3347541
-87.0222014 215.5546940
-87.3586216 214.7765835
-87.6835606 214.0267738
-88.0183481 213.2551931
-88.3844650 212.3962496
-88.7126693 211.6119807
-89.0581478 210.7873572
-89.3516193 210.0857317
-89.7159060 209.1982398
-89.9746644 208.5567284
-90.2806900 207.8093945
-90.5815544 207.0689463
-90.8614448 206.3720092
-91.1408809 205.6759232
-91.4580057 204.8669278
-91.7435840 204.1267890
-91.9727839 203.5460571
-92.2582634 202.8262813
-92.5089574 202.1817990
-92.7668007 201.5070817
-93.0378235 200.7994371
-93.3087147 200.0904308
-93.5906919 199.3514525
-93.7809194 198.8524820
-94.0280058 198.1861203
-94.2705301 197.5289189
-94.5363522 196.8086480
-94.7767765 196.1449168
-95.0252322 195.4284214
-95.2690862 194.7511974
-95.4833226 194.1373525
-95.6810615 193.5437158
-95.9152580 192.8013643
-96.1265254 192.1871015
-96.3743227 191.4320464
-96.5483688 190.8323441
-96.7485501 190.1523814
-96.9699884 189.4847509
-97.1898994 188.8084708
-97.3803179 188.1829589
-97.6165683 187.3923614
-97.8201399 186.7257058
-98.0428752 186.0162662
-98.2875390 185.2290264
-98.5209521 184.4493840
-98.7073680 183.8147428
-98.9166406 183.1051485
-99.1728644 182.2470716
-99.3760608 181.5599137
-99.6016926 180.7985454
-99.8174760 180.0686036
-100.0441480 179.3060129
-100.2618273 178.5666633
-100.4965045 177.7795782
-100.7428733 176.9452683
-100.9758651 176.1535103
-101.2146896 175.3489713
-101.4516050 174.5448191
-101.6856107 173.7358546
-101.9190765 172.9244299
-102.1651425 172.0682717
-102.4023146 171.2475939
-102.6641144 170.3400484
-102.8860202 169.5568472
-103.1596236 168.5892650
-103.3728198 167.8258388
-103.6006504 167.0063679
-103.8619038 166.0670402
-104.0729342 165.2828486
-104.3077561 164.4057084
-104.5414260 163.5207232
-104.8227383 162.4026313
-105.0111489 161.6400252
-105.2081571 160.8293896
-105.4481863 159.8102346
-105.6446415 158.9561188
-105.8208468 158.1745423
-106.0567221 157.0779894
-106.1975889 156.4083783
-106.4053474 155.4035362
-106.5908548 154.4951398
-106.7755326 153.5593709
-106.9594205 152.6108055
-107.1384566 151.6854812
-107.3275650 150.6737379
-107.4907159 149.7866019
-107.6634190 148.8432046
-107.8530803 147.7491275
-107.9924857 146.9508861
-108.1625818 145.9547091
-108.3250481 144.9950802
-108.4965003 143.9796698
-108.6577158 143.0136659
-108.8222755 142.0474763
-109.0042674 140.9868681
-109.1555291 140.0558495
-109.3449534 138.9301293
-109.4953198 138.0541341
-109.6521772 137.1064817
-109.8198046 136.1070088
-109.9948052 135.0583306
-110.1837490 133.9618396
-110.3350238 133.0604835
-110.4754364 132.2323476
-110.6573691 131.1344794
-110.8265568 130.1021875
-110.9820251 129.1557807
-111.1712256 127.9936979
-111.3586750 126.8317932
-111.4858489 126.0337065
-111.6765109 124.8209716
-111.7934281 124.0636806
-111.9475534 123.0579720
-112.0968862 122.0896471
-112.2449024 121.1142044
-112.4283097 119.9006494
-112.5680969 118.9958660
-112.6938356 118.1502606
-112.8462888 117.1010331
-112.9894598 116.1610786
-113.1433086 115.1271233
-113.2894815 114.1249581
-113.4283866 113.1790155
-113.5708597 112.1993022
-113.7066048 111.2151867
-113.8403882 110.2493762
-113.9813340 109.2198463
-114.1210422 108.1916471
-114.2420673 107.3183365
-114.3743629 106.3503753
-114.4967046 105.4509921
-114.6437596 104.3684271
-114.7553708 103.5285391
-114.8876795 102.5298941
-115.0282962 101.4717229
-115.1307041 100.7149502
-115.2612880 99.7741757
-115.3804435 98.8563946
-115.5165705 97.8262535
-115.6243503 96.9793715
-115.7458362 96.0278430
-115.8611735 95.1330554
-115.9915468 94.1336599
-116.1027366 93.2834589
-116.2363356 92.3044032
-116.3629696 91.3793961
-116.5060747 90.3050862
-116.6181994 89.5018856
-116.7556298 88.4585998
-116.8613030 87.6556700
-116.9843689 86.7083038
-117.1374541 85.5225700
-117.2387429 84.7595074
-117.3520789 83.9002157
-117.4833606 82.8949404
-117.6008835 82.0123071
-117.7200127 81.1367839
-117.8521371 80.0996643
-118.0024705 78.9408387
-118.1324093 77.9268441
-118.2236258 77.2228434
-118.3601477 76.1720531
-118.4760380 75.2604072
-118.5937584 74.3577436
-118.7347963 73.2520614
-118.8274480 72.5394498
-118.9548588 71.5773452
-119.0618091 70.7522807
-119.1915504 69.7480266
-119.3336285 68.6568352
-119.4389725 67.8545553
-119.5688586 66.8498756
-119.6731888 66.0421800
-119.8163334 64.9448999
-119.9544353 63.8924229
-120.0629393 63.0872379
-120.1731417 62.2478527
-120.3030146 61.2203924
-120.4133881 60.3276163
-120.5292389 59.3933948
-120.6378877 58.4984099
-120.7459966 57.5576315
-120.8571206 56.5805602
-120.9608978 55.6488802
-121.0669265 54.6309051
-121.1557731 53.7318777
-121.2389581 52.8322392
-121.3214058 51.8825559
-121.3895944 50.9923329
-121.4609428 50.0507306
-121.5276173 49.1200486
-121.5806645 48.2070372
-121.6359237 47.2438030
-121.6911566 46.2189306
-121.7225188 45.3532252
-121.7619521 44.3484179
-121.7932748 43.4826275
-121.8165003 42.6237149
-121.8334585 41.7220997
-121.8486657 40.7238376
-121.8620427 39.7336837
-121.8688629 38.7454677
-121.8672171 37.9370874
-121.8587116 36.9472197
-121.8444261 35.9776530
-121.8222671 34.9341506
-121.8005295 34.1711267
-121.7681797 33.2818051
-121.7264819 32.3572815
-121.6799915 31.4259457
-121.6206771 30.3769909
-121.5552271 29.3526330
-121.4970845 28.5646601
-121.4237611 27.5236141
-121.3605889 26.6809583
-121.2892536 25.7467445
-121.2157853 24.8088674
-121.1420274 23.9195071
-121.0640957 23.0301622
-120.9799759 22.1078397
-120.8941181 21.1973331
-120.8045605 20.2712563
-120.7249831 19.4400218
-120.6256298 18.4438293
-120.5288966 17.4769938
-120.4301884 16.5121600
-120.3466742 15.6798994
-120.2661225 14.8548243
-120.1740501 13.9746736
-120.0685218 13.0111957
-119.9812947 12.1383929
-119.8796373 11.1813162
-119.7869988 10.3328008
-119.6807595 9.3387794
-119.5975086 8.5264031
-119.4944029 7.5091682
-119.4129953 6.6822348
-119.3209888 5.8069621
-119.2237684 4.8861299
-119.1249550 3.9291223
-119.0364375 3.0572518
-118.9258270 2.0006302
-118.8338732 1.1321166
-118.7337694 0.1198055
-118.6432243 -0.7872725
-118.5479263 -1.7408166
-118.4688623 -2.5086194
-118.3627942 -3.5095712
-118.2665481 -4.4561330
-118.1656017 -5.4528685
-118.0644050 -6.4125186
-117.9636693 -7.4204220
-117.8823275 -8.2332829
-117.7885567 -9.1415323
-117.6822121 -10.1567890
-117.5930364 -11.0335530
-117.4864942 -12.0941844
-117.3857453 -13.0624861
-117.2938836 -13.9797034
-117.2027988 -14.9255832
-117.1045778 -15.9216683
-117.0307145 -16.6760639
-116.9297549 -17.6847840
-116.8369848 -18.6434767
-116.7359725 -19.7031256
-116.6608716 -20.5228344
-116.5675748 -21.5464341
-116.4814405 -22.4987170
-116.3980711 -23.4577965
-116.3102515 -24.4722960
-116.2363620 -25.3771142
-116.1554679 -26.4048047
-116.0888856 -27.3335506
-116.0283994 -28.2842997
-115.9647269 -29.3526117
-115.9240955 -30.2641531
-115.8858473 -31.2798750
-115.8434911 -32.2047622
-115.8020829 -33.1728260
-115.7558690 -34.2034235
-115.7114720 -35.1844753
-115.6719993 -36.1633608
-115.6274707 -37.2002444
-115.5934225 -38.1821821
-115.5646277 -39.2155378
-115.5379658 -40.2506806
-115.5214420 -41.0808900
-115.5050763 -42.0617097
-115.4959651 -43.0374116
-115.4893688 -44.0916061
-115.4873807 -45.0789284
-115.4899086 -46.0759874
-115.4929632 -47.0870962
-115.4959125 -48.1392173
-115.5041020 -49.2121888
-115.5130551 -50.1171501
-115.5237725 -51.1218259
-115.5410467 -52.1649144
-115.5511848 -53.1052904
-115.5626264 -54.0933091
-115.5813358 -55.1525789
-115.5964376 -56.1133489
-115.6127507 -57.1367204
-115.6372533 -58.2201325
-115.6619534 -59.2852628
-115.6882071 -60.2366753
-115.7192139 -61.3124668
-115.7554477 -62.4361871
-115.7887586 -63.3654146
-115.8263617 -64.4327886
-115.8685862 -65.3960344
-115.9058864 -66.3146587
-115.9490194 -67.3993203
-116.0073069 -68.4919585
-116.0665291 -69.6021357
-116.1166271 -70.4732954
-116.1741509 -71.5030961
-116.2280935 -72.5341270
-116.2929510 -73.6197634
-116.3632988 -74.5897826
-116.4484719 -75.7322373
-116.5411631 -76.7638794
-116.6448218 -77.8443477
-116.7417262 -78.8794558
-116.8561155 -79.9697806
-116.9545866 -80.9530219
-117.0574290 -81.9803081
-117.1742673 -83.0505640
-117.2876164 -84.0312754
-117.4140134 -85.1116276
-117.5572502 -86.2073372
-117.7150490 -87.3486934
-117.8453564 -88.2741415
-117.9927274 -89.3052497
-118.1548842 -90.4513329
-118.2832694 -91.3542827
-118.4385270 -92.4159432
-118.6394851 -93.7207911
-118.8479085 -94.9738729
-119.0422044 -96.0690254
-119.1815571 -96.9231026
-119.3378549 -97.8712579
-119.4858052 -98.7540459
-119.6319123 -99.6371279
-119.8210733 -100.7384234
-119.9826903 -101.6709661
-120.1712325 -102.6928212
-120.3578788 -103.7719433
-120.5307267 -104.7534438
-120.6762017 -105.6311410
-120.8361071 -106.5968896
-121.0244913 -107.6749054
-121.2080303 -108.6866254
-121.3691734 -109.6491942
-121.5580447 -110.6753432
-121.7581470 -111.8412788
-121.9250964 -112.8167060
-121.9747072 -113.1170523
-122.1323348 -114.0577417
-122.3182306 -115.1317499
-122.4697226 -116.0492602
-122.6211489 -116.8788429
-122.8007775 -117.8245689
-122.9793528 -118.8727133
-123.1638397 -119.8681785
-123.3248511 -120.7205381
-123.4815570 -121.5755823
-123.6980909 -122.7054726
-123.8443296 -123.4434683
-124.0382042 -124.4184313
-124.2111969 -125.2617467
-124.4113914 -126.2460943
-124.5961548 -127.1859868
-124.7738611 -128.0619511
-125.0042987 -129.1265437
-125.1914189 -129.9440804
-125.3928773 -130.8097393
-125.6368894 -131.8153087
-125.8385189 -132.6384777
-126.0624918 -133.5525993
-126.3056481 -134.4917569
-126.5296473 -135.3479151
-126.7967531 -136.3234661
-127.0001338 -137.0814303
-127.2854224 -138.0959278
-127.5074861 -138.8359118
-127.7629529 -139.6912500
-128.0102566 -140.5424413
-128.2653020 -141.3654401
-128.5284711 -142.1709849
-128.8311920 -143.1088737
-129.0549147 -143.7845348
-129.3264444 -144.5746682
-129.6227006 -145.4369075
-129.8995890 -146.2169212
-130.1796111 -146.9831481
-130.4462956 -147.7213682
-130.7445662 -148.5456358
-131.0196772 -149.2847379
-131.3115226 -150.0622913
-131.5981542 -150.8102442
-131.8937520 -151.5860182
-132.2119038 -152.4134269
-132.4466336 -152.9978724
-132.7908416 -153.8561196
-133.0749716 -154.5589366
-133.3426831 -155.2178400
-133.6532115 -155.9812199
-133.9311796 -156.6715807
-134.2204313 -157.4061336
-134.5075368 -158.1200760
-134.7931941 -158.8227691
-135.0609582 -159.4836842
-135.3353582 -160.1745402
-135.6370521 -160.9207600
-135.9070019 -161.5747275
-136.1867343 -162.2562221
-136.4282974 -162.8343080
-136.6866871 -163.4333914
-136.9468411 -164.0498204
-137.1973179 -164.6613908
-137.4563791 -165.2648376
-137.7235639 -165.8461729
-137.9954623 -166.4286998
-138.2583944 -167.0067548
-138.5244865 -167.5790691
-138.8062596 -168.1369778
-139.0973151 -168.7030254
-139.3523474 -169.1957756
-139.6189266 -169.7109622
-139.8624910 -170.1807808
-140.1499125 -170.7167172
-140.4604146 -171.3128606
-140.7152758 -171.8089840
-141.0076215 -172.3869926
-141.2545829 -172.8702421
-141.5291935 -173.4236170
-141.8395772 -174.0632407
-142.0951888 -174.6009256
-142.3675085 -175.1763037
-142.5914814 -175.6537043
-142.8389957 -176.1832502
-143.1139882 -176.7784652
-143.3742739 -177.3547253
-143.6349545 -177.9504818
-143.8649971 -178.4833700
-144.1226232 -179.0777339
-144.3707563 -179.6547832
-144.6256306 -180.2495804
-144.8654426 -180.8234885
-145.1118773 -181.4155624
-145.3677259 -182.0407648
-145.6137129 -182.6469350
-145.8629520 -183.2628379
-146.1315851 -183.9188169
-146.4079996 -184.6044120
-146.5952647 -185.0673294
-146.8453069 -185.6903965
-147.1067381 -186.3392114
-147.3544630 -186.9640115
-147.6062696 -187.5992561
-147.8565225 -188.2368992
-148.1062487 -188.8735674
-148.3541449 -189.5143979
-148.6302038 -190.2303209
-148.8751902 -190.8700528
-149.1121714 -191.4911548
-149.3492317 -192.1193436
-149.6079769 -192.8058051
-149.8455374 -193.4386359
-150.1380280 -194.2219610
-150.3914277 -194.9023260
-150.6102130 -195.4956069
-150.8705382 -196.1880102
-151.1719555 -196.9950869
-151.3814191 -197.5588754
-151.6445092 -198.2656845
-151.8955653 -198.9379261
-152.1613018 -199.6390410
-152.4325682 -200.3493316
-152.7055594 -201.0651307
-152.9800779 -201.7783458
-153.2583093 -202.4899052
-153.5332755 -203.1804827
-153.8505320 -203.9935940
-154.1081317 -204.6449310
-154.3863105 -205.3446688
-154.7182738 -206.1683329
-154.9953729 -206.8706238
-155.3074682 -207.6524169
-155.6022234 -208.3997818
-155.9482220 -209.2657347
-156.2335633 -209.9780214
-156.5843940 -210.8502256
-156.8647583 -211.5613673
-157.1287964 -212.2162941
-157.4298451 -212.9462204
-157.7194918 -213.6681470
-157.9858867 -214.3463922
-158.3009312 -215.1314503
-158.6133425 -215.8937934
-158.9354837 -216.6918955
-159.2029055 -217.3641989
-159.5080490 -218.1434854
-159.8820130 -219.0864185
-160.1559126 -219.7812357
-160.4133544 -220.4407271
-160.7753897 -221.3960080
-161.0025093 -221.9884996
-161.3345779 -222.8299891
-161.6479240 -223.6277973
-161.9171365 -224.3323937
-162.2594749 -225.2044431
-162.5774292 -226.0080228
-162.8743963 -226.7671165
-163.1509293 -227.4732448
-163.4621687 -228.2719194
-163.7621247 -229.0360729
-164.0866358 -229.8741273
-164.3938464 -230.6534757
-164.6891151 -231.4244993
-164.9929155 -232.2225241
-165.2574671 -232.9282346
-165.5734070 -233.7743816
-165.9209329 -234.7031255
-166.1676572 -235.3688064
-166.4630971 -236.1648660
-166.7498471 -236.9263116
-167.0604678 -237.7345643
-167.3976581 -238.6186211
-167.6874891 -239.3805619
-168.0098146 -240.2354668
-168.3006594 -241.0049432
-168.6138607 -241.8443747
-168.9529075 -242.7297313
-169.2627777 -243.5636388
-169.5852744 -244.4346516
-169.8872579 -245.2263322
-170.1957456 -246.0146706
-170.4791514 -246.7522253
-170.7939194 -247.5839666
-171.1060411 -248.3827650
-171.4974373 -249.3949106
-171.7865310 -250.1602865
-172.1303835 -251.0429042
-172.3820584 -251.7001830
-172.6949568 -252.5275144
-173.0190466 -253.3997804
-173.3227681 -254.2236148
-173.5861479 -254.9363657
-173.9615997 -255.9918058
-174.2241499 -256.7264979
-174.4847911 -257.4636968
-174.7863270 -258.3271121
-175.1088237 -259.2929458
-175.3428820 -260.0219437
-175.6437595 -260.9654802
-175.8678509 -261.7395522
-176.1052403 -262.6122206
-176.3272777 -263.4747384
-176.5278144 -264.3050716
-176.7272584 -265.2274096
-176.9082694 -266.1621572
-177.0558248 -266.9690946
-177.2105690 -267.8698008
-177.3377823 -268.7063543
-177.4503283 -269.4898341
-177.5671665 -270.3536517
-177.6757231 -271.2410507
-177.7853725 -272.2186287
-177.8665299 -273.0637854
-177.9482667 -274.0398470
-178.0119260 -274.8114123
-178.0744267 -275.7274681
-178.1181785 -276.6910891
-178.1607453 -277.7857078
-178.1801657 -278.4515898
-178.2002444 -279.2957562
-178.2014162 -280.0956996
-178.1936085 -280.9791375
-178.1748991 -281.8777083
-178.1369274 -282.8031100
-178.0840908 -283.7331847
-178.0284103 -284.4912572
-177.9418020 -285.4740652
-177.8591568 -286.2691500
-177.7621207 -287.1125736
-177.6455590 -287.9937215
-177.5146723 -288.8829464
-177.3899605 -289.6837254
-177.2221948 -290.6807070
-177.0558511 -291.5771735
-176.9122457 -292.2947056
-176.7258891 -293.1778959
-176.5139766 -294.1214015
-176.3409180 -294.8354986
-176.1352201 -295.6466757
-175.8763959 -296.6372823
-175.6413501 -297.5285807
-175.4211560 -298.3166715
-175.2132197 -299.0272097
-174.9443496 -299.9268327
-174.6849855 -300.7766933
-174.3986568 -301.6468550
-174.0881810 -302.5466947
-173.8712521 -303.1909758
-173.5767734 -304.0443644
-173.2362125 -304.9845896
-172.9147954 -305.8611573
-172.6492300 -306.5663107
-172.3376877 -307.3818823
-172.0392460 -308.1399238
-171.7098106 -308.9619942
-171.3887359 -309.7494351
-171.0293997 -310.6033498
-170.6613079 -311.4684052
-170.3419975 -312.2153987
-170.0354716 -312.9154460
-169.6304481 -313.8313780
-169.3408937 -314.4740498
-168.9354094 -315.3420143
-168.5511493 -316.1354589
-168.1445065 -316.9628831
-167.7982445 -317.6347378
-167.3625303 -318.4501856
-166.8917409 -319.3373990
-166.4643347 -320.1054982
-166.1312786 -320.6798087
-165.6615294 -321.4894075
-165.2861171 -322.1233524
-164.7912465 -322.9254312
-164.3351376 -323.6531139
-163.8765929 -324.3911947
-163.4489234 -325.0486591
-162.8253385 -325.9489940
-162.4337447 -326.4981756
-161.8686711 -327.2811912
-161.4584338 -327.8243382
-160.8794697 -328.5692892
-160.3972388 -329.1745464
-159.8636327 -329.8351055
-159.3808488 -330.4178335
-158.8336156 -331.0586795
-158.2801284 -331.6921912
-157.6909208 -332.3472418
-157.1537598 -332.9214594
-156.5823137 -333.5258191
-156.0089189 -334.1259392
-155.3313125 -334.8125245
-154.7571409 -335.3850401
-154.1042477 -336.0254528
-153.6240707 -336.4858482
-153.0302417 -337.0485226
-152.4570181 -337.5785791
-151.8149872 -338.1674655
-151.2304010 -338.6929419
-150.6024580 -339.2501388
-149.9438901 -339.8288437
-149.2622021 -340.4208557
-148.5606460 -341.0001485
-148.0284751 -341.4311754
-147.4554226 -341.9056205
-146.8217786 -342.4301376
-146.1864098 -342.9232436
-145.3645396 -343.5554865
-144.8376879 -343.9580732
-144.2038069 -344.4288047
-143.6021176 -344.8712200
-142.9423384 -345.3461603
-142.2745277 -345.8098360
-141.6029514 -346.2540461
-141.0044484 -346.6433876
-140.3272765 -347.0904449
-139.5645495 -347.5784447
-138.7876292 -348.0457102
-138.2016869 -348.3902717
-137.5673714 -348.7476762
-136.8292919 -349.1505724
-136.0943459 -349.5363240
-135.4515250 -349.8554473
-134.7623453 -350.1879086
-134.0738108 -350.5195034
-133.2286229 -350.9097424
-132.6143730 -351.1765655
-131.8777680 -351.4978860
-131.2109843 -351.7886311
-130.3542496 -352.1433431
-129.5790278 -352.4578862
-128.9643828 -352.7032942
-128.2381793 -352.9851575
-127.4601794 -353.2833298
-126.7889586 -353.5385170
-125.8898941 -353.8647271
-125.2180545 -354.0976016
-124.5113635 -354.3413076
-123.8129147 -354.5799382
-123.0977051 -354.8113892
-122.3346622 -355.0493700
-121.5663527 -355.2836372
-120.9284296 -355.4773331
-120.1848992 -355.6976123
-119.4096905 -355.9199031
-118.6533624 -356.1202216
-117.7776682 -356.3513012
-117.0860264 -356.5322471
-116.4367934 -356.6946249
-115.7168571 -356.8708049
-114.9591728 -357.0504201
-114.2354051 -357.2103221
-113.4725202 -357.3826957
-112.6953892 -357.5630536
-111.9406938 -357.7363865
-111.1073293 -357.9165277
-110.4161220 -358.0687859
-109.5575045 -358.2630079
-108.9003717 -358.4132236
-108.1876966 -358.5751991
-107.3978207 -358.7566401
-106.6427170 -358.9300968
-105.9492846 -359.0854807
-105.1818309 -359.2504889
-104.4070634 -359.4297017
-103.5804401 -359.6294323
-102.8644405 -359.7875394
-101.9336319 -359.9844848
-101.3228907 -360.1191961
-100.5377283 -360.2944168
-99.7614005 -360.4643147
-98.9452642 -360.6486647
-98.2301271 -360.8099593
-97.3485014 -361.0143319
-96.6327585 -361.1755027
-95.8762922 -361.3524874
-95.0856196 -361.5426554
-94.1258187 -361.7689383
-93.4565268 -361.9237031
-92.6608049 -362.1059178
-91.9102898 -362.2830572
-91.1440737 -362.4643125
-90.3357188 -362.6350150
-89.4603339 -362.8296084
-88.6977518 -363.0115755
-87.8879288 -363.1936354
-87.1355572 -363.3631000
-86.1776982 -363.5985122
-85.5382610 -363.7589713
-84.7371212 -363.9544312
-83.9203662 -364.1555234
-83.1389825 -364.3512309
-82.3178101 -364.5441222
-81.4840243 -364.7380657
-80.6266378 -364.9460900
-79.8425156 -365.1384242
-79.0169390 -365.3377215
-78.1588876 -365.5466123
-77.3752854 -365.7421032
-76.5471085 -365.9432263
-75.6394529 -366.1587397
-74.8504328 -366.3486911
-74.0518143 -366.5373736
-73.1444813 -366.7610880
-72.3375022 -366.9589308
-71.4952834 -367.1657172
-70.7333135 -367.3544307
-69.8798638 -367.5572559
-69.0190672 -367.7645375
-68.1887705 -367.9666819
-67.3478091 -368.1664743
-66.5052150 -368.3689282
-65.6193432 -368.5847511
-64.6847097 -368.8091462
-63.8280803 -369.0116620
-62.9710230 -369.2182627
-62.2334569 -369.3957425
-61.2193316 -369.6385819
-60.5305601 -369.8014239
-59.5612135 -370.0308943
-58.7671375 -370.2152134
-57.8002201 -370.4360496
-56.9180414 -370.6403294
-56.1240641 -370.8144979
-55.2839124 -370.9976409
-54.3489827 -371.2098121
-53.5133503 -371.4169389
-52.5763173 -371.6318334
-51.6467792 -371.8384960
-50.9240878 -372.0074345
-50.1050846 -372.2025231
-49.2186136 -372.4003040
-48.3696833 -372.5805380
-47.3876838 -372.7868912
-46.5468376 -372.9611835
-45.6727529 -373.1502065
-44.8446155 -373.3230443
-43.9254558 -373.5050732
-43.0745735 -373.6709790
-42.1819670 -373.8422694
-41.1922554 -374.0360582
-40.4501963 -374.1735547
-39.5821517 -374.3387177
-38.7013983 -374.5000433
-37.8656705 -374.6343833
-37.0305121 -374.7591298
-36.1209342 -374.8756445
-35.1713010 -374.9903642
-34.3316232 -375.0823071
-33.4835651 -375.1580958
-32.7013224 -375.2117575
-31.8324943 -375.2663167
-30.9909667 -375.3016579
-30.1585338 -375.3305931
-29.2932278 -375.3552268
-28.4815384 -375.3728046
-27.5181299 -375.3911560
-26.5293498 -375.3979643
-25.8872892 -375.3911870
-25.0170326 -375.3707311
-24.1108796 -375.3476758
-23.3813253 -375.3250227
-22.5799749 -375.2878247
-21.6199484 -375.2465107
-20.7934272 -375.2133977
-20.0489636 -375.1800061
-19.2093089 -375.1356593
-18.3629082 -375.0806360
-17.5804629 -375.0282431
-16.8280452 -374.9786354
-16.0547177 -374.9255616
-15.1987104 -374.8611614
-14.3828852 -374.7991440
-13.5717917 -374.7388597
-12.8074016 -374.6774922
-11.9643764 -374.6063765
-11.0857805 -374.5319185
-10.1277891 -374.4464744
-9.4506205 -374.3822289
-8.6926433 -374.3058832
-7.8670725 -374.2162613
-7.1150950 -374.1307863
-6.3785148 -374.0418143
-5.4347776 -373.9175939
-4.7411280 -373.8304477
-3.8964865 -373.7312633
-3.2880003 -373.6500899
-2.4116202 -373.5206085
-1.6629802 -373.3952431
-0.9819736 -373.2860628
-0.2664135 -373.1656799
0.3298185 -373.0587587
1.0206832 -372.9196839
1.6605475 -372.7847868
2.2566065 -372.6621447
2.9596160 -372.5252361
3.6139226 -372.3846449
4.3369106 -372.2097027
4.9391096 -372.0572898
5.5908100 -371.8926220
6.1543827 -371.7441393
6.7382665 -371.5822257
7.3679697 -371.3987732
7.9326327 -371.2278541
8.5527532 -371.0339106
9.1699442 -370.8385745
9.7513301 -370.6604138
10.3049227 -370.4824698
10.8485187 -370.2948704
11.4836694 -370.0657095
11.9571085 -369.8950379
12.5202344 -369.6962977
13.0657757 -369.5029112
13.6613253 -369.2853553
14.2165053 -369.0723486
14.7371359 -368.8674190
15.3664366 -368.6229084
15.8507182 -368.4337926
16.3627413 -368.2308436
16.8765517 -368.0114928
17.3945310 -367.7910279
17.9850568 -367.5320652
18.4541345 -367.3316229
19.0076086 -367.0895262
19.5576479 -366.8382692
20.0560734 -366.6088917
20.6059268 -366.3486911
21.0562984 -366.1341061
21.5586097 -365.8914214
22.0762482 -365.6374411
22.5958041 -365.3841727
23.0798421 -365.1402810
23.5671997 -364.8879719
24.0756958 -364.6221390
24.5882242 -364.3550064
25.0689147 -364.0999430
25.6531371 -363.7841001
26.1656918 -363.4966663
26.7516407 -363.1671759
27.1352770 -362.9489701
27.6726404 -362.6391619
28.1846865 -362.3361000
28.6862061 -362.0336261
29.1878245 -361.7304405
29.6182952 -361.4666810
30.1237055 -361.1527878
30.6323350 -360.8299200
31.1775801 -360.4788596
31.6086367 -360.1980485
32.1368478 -359.8526205
32.6408164 -359.5160742
33.1169941 -359.1903903
33.6262193 -358.8373803
34.1882943 -358.4476984
34.7739963 -358.0380867
35.1698757 -357.7567804
35.6354446 -357.4225242
36.0917213 -357.0915483
36.5632809 -356.7473582
37.0187875 -356.4127616
37.5140333 -356.0455470
37.9346424 -355.7323037
38.3994180 -355.3818932
38.8800624 -355.0134717
39.3134429 -354.6781014
39.7594301 -354.3353348
40.1978335 -353.9919184
40.6894619 -353.6022364
41.0922076 -353.2785331
41.5122275 -352.9413988
41.9519212 -352.5870581
42.3889849 -352.2265281
42.7971683 -351.8827402
43.2152428 -351.5262333
43.6378894 -351.1622372
44.0429161 -350.8089177
44.5157134 -350.3942308
44.9520233 -350.0036824
45.3409838 -349.6497749
45.7507274 -349.2703983
46.1798353 -348.8693899
46.6086372 -348.4614803
47.0320375 -348.0546539
47.4933109 -347.6045329
47.8868368 -347.2130251
48.2829828 -346.8116143
48.7284006 -346.3552731
49.1389835 -345.9225132
49.4816412 -345.5593217
49.9483161 -345.0579529
50.2903253 -344.6854774
50.7139528 -344.2145601
51.0866001 -343.7862257
51.4995036 -343.3082835
51.8918544 -342.8466813
52.2612859 -342.4103626
52.6537025 -341.9451705
53.0491573 -341.4669808
53.4750625 -340.9413806
53.8320321 -340.4991510
54.1710855 -340.0812456
54.5304677 -339.6294845
54.8826875 -339.1748143
55.2514771 -338.6980481
55.6704502 -338.1601002
56.0447170 -337.6643946
56.3691953 -337.2079295
56.7351936 -336.7038683
57.0354984 -336.2969180
57.4112333 -335.7965085
57.7534400 -335.3164929
58.0731520 -334.8476491
58.4638636 -334.2789710
58.8599010 -333.7115617
59.1204237 -333.3354964
59.4789304 -332.8082560
59.7581888 -332.3803239
60.1340092 -331.7813798
60.4100550 -331.3555830
60.7620443 -330.8280022
61.0734616 -330.3559090
61.3968009 -329.8436468
61.7240375 -329.2849955
62.0088060 -328.8043300
62.3210856 -328.2987833
62.6635228 -327.7546770
62.9461649 -327.2955195
63.2351796 -326.7991021
63.5447008 -326.2464235
63.8353152 -325.7554218
64.1646848 -325.2143792
64.4626262 -324.7242130
64.8179137 -324.1019041
65.0623273 -323.6806565
65.3715260 -323.1535090
65.7293349 -322.5506346
65.9841763 -322.1089312
66.3319985 -321.5042620
66.5813429 -321.0644772
66.8824048 -320.5459948
67.2061984 -319.9972154
67.4989918 -319.5009837
67.8248262 -318.9311915
68.1456573 -318.3511559
68.4497869 -317.8080398
68.7528172 -317.2641501
69.0498238 -316.7115024
69.3830972 -316.0772480
69.7742630 -315.3241890
70.0624153 -314.7486407
70.3232869 -314.2077528
70.5918015 -313.6223015
70.8928766 -312.9423387
71.1446173 -312.3468297
71.3725861 -311.7708482
71.5890476 -311.1911221
71.7991102 -310.6066301
72.0756102 -309.8203652
72.2539288 -309.2973026
72.4665522 -308.6396834
72.6463257 -308.0507970
72.8250589 -307.4611679
73.0227254 -306.8076028
73.2288250 -306.1147971
73.3903827 -305.5455929
73.5667395 -304.9073155
73.7484549 -304.2333873
73.9661474 -303.4331344
74.1691726 -302.6669230
74.3183540 -302.0856495
74.5150067 -301.2755555
74.7222451 -300.4530209
74.8860872 -299.7700872
74.8891287 -299.7568730
75.0228988 -299.1625090
75.1534235 -298.5673714
75.2893266 -297.9397087
75.4446567 -297.2047535
75.5650696 -296.6058094
75.6898274 -295.9633851
75.8077519 -295.3277072
75.9336420 -294.6335089
76.0507962 -293.9676888
76.1674764 -293.2670227
76.2735512 -292.5843985
76.3746819 -291.8921808
76.4682750 -291.2289603
76.5738823 -290.4286455
76.6469161 -289.8373143
76.7319707 -289.1119835
76.8075325 -288.4558807
76.8935022 -287.6959824
76.9518489 -287.1403329
77.0231908 -286.4109172
77.0862510 -285.7138718
77.1415102 -285.0965144
77.1979215 -284.4375954
77.2658269 -283.5794720
77.3014288 -283.0746371
77.3465696 -282.3826051
77.3870496 -281.7379836
77.4295374 -280.9975818
77.4693590 -280.2574894
77.4985489 -279.6597213
77.5271067 -279.0321205
77.5538870 -278.3701688
77.5823527 -277.6060308
77.6033530 -276.9921703
77.6232540 -276.3400597
77.6430628 -275.6250652
77.6572166 -274.9435551
77.6641289 -274.3479532
77.6710874 -273.6901174
77.6818443 -272.9923603
77.6895861 -272.3287993
77.6868541 -271.6670023
77.6852346 -271.0322528
77.6823709 -270.2203329
77.6836283 -269.5795179
77.6772558 -268.9735798
77.6817323 -268.2997136
77.6729504 -267.6997792
77.6653797 -267.0641941
77.6509165 -266.4048729
77.6325758 -265.7272621
77.6130501 -265.0807837
77.5986856 -264.4311179
77.5720895 -263.6651230
77.5400031 -263.0097320
77.5172912 -262.4328221
77.4985094 -261.8703023
77.4781937 -261.2196462
77.4595369 -260.6697218
77.4376610 -260.0663833
77.4097747 -259.4947188
77.3892023 -258.9955472
77.3695120 -258.4573052
77.3438573 -257.8079643
77.3248846 -257.3484664
77.2995131 -256.7854361
77.2727129 -256.2830769
77.2402381 -255.7055635
77.2155775 -255.2260276
77.1889552 -254.7133013
77.1704169 -254.3043704
77.1543211 -253.7674592
77.1353681 -253.3461651
77.1079689 -252.8331139
77.0835519 -252.3173702
77.0564753 -251.7692408
77.0285166 -251.2858210
77.0028422 -250.8590649
76.9780170 -250.3310199
76.9635998 -249.8504163
76.9577671 -249.3172032
76.9423362 -248.8332419
76.9158455 -248.3805059
76.8806255 -247.8047100
76.8671695 -247.3884603
76.8611656 -246.9033075
76.8541743 -246.3910454
76.8404088 -245.8795260
76.8228581 -245.3805555
76.8092177 -244.9328793
76.7982963 -244.4895666
76.7870193 -243.9560440
76.7765718 -243.5204371
76.7637872 -243.0278262
76.7532410 -242.6357149
76.7404367 -242.1324428
76.7314112 -241.7477743
76.7224778 -241.3322054
76.7138275 -240.8765449
76.7046242 -240.4713742
76.6968495 -240.0867056
76.6882321 -239.6841653
76.6790947 -239.2561249
76.6715503 -238.8900863
76.6646248 -238.4993986
76.6592266 -238.1970485
76.6520905 -237.8569743
76.6462380 -237.5234763
76.6421169 -237.1665670
76.6384238 -236.8705300
76.6351124 -236.6020203
76.6307281 -236.3168921
76.6278446 -236.0357869
76.6244740 -235.7352318
76.6221304 -235.5296368
76.6187072 -235.2732736
76.6165216 -235.0729241
76.6157382 -234.8641417
76.6163175 -234.6898029
76.6176539 -234.4851828
76.6177526 -234.3370405
76.6175024 -234.1688448
76.6173708 -234.0382648
76.6185689 -233.8856662
76.6204122 -233.7884469
76.6227032 -233.6841253
76.6256788 -233.6069904
76.6288255 -233.5424199
76.6319196 -233.4939727
76.6349610 -233.4609525
76.6376404 -233.4450923
76.6407147 -233.4406205
76.6443157 -233.4476454
76.6481537 -233.4536181
76.6510240 -233.4533860
76.6554413 -233.4548405
76.6595558 -233.4569604
76.6645063 -233.4570532
76.6688381 -233.4589565
76.6723469 -233.4606121
76.6767774 -233.4615096
76.6806878 -233.4625308
76.6847694 -233.4643257
76.6892788 -233.4657493
76.6892788 -233.4657493
76.6892788 -233.4657493
