-99.9734116
83.5710144
-99.1492233
84.1907120
94.7773514
84.6065903
79.8378525
-112.4834366
157.3719635
-104.1194382
-95.0068054
-97.9336777
-82.6840591
-89.6755524
-99.4432297
-119.9050980
42.0446053
85.5403976
80.4510498
87.5249939
119.2147598
110.9807587
86.8808594
-95.0961075
78.1287231
-90.6576691
-98.3087082
-93.0792389
-87.5274124
78.7857666
-89.9689331
-90.4262619
-90.5081100
-86.9814682
-86.4265518
-85.9039841
-99.8398895
102.4764175
77.2501068
-93.2902679
-88.0239029
-88.1977997
-76.2322540
-88.9026031
-87.8153381
-88.5424347
-89.6713562
-90.8262863
-91.6977844
-95.2075424
-90.9564285
-94.7813416
-91.2000351
-93.1073074
-93.0279541
-96.4157333
-97.5688171
-90.7436371
-89.9473953
-88.6215515
-93.9114380
-92.2054596
-90.5066833
-93.1321411
-95.3384705
-93.7618790
-88.9857788
-90.1002121
-86.0247040
-86.8793335
-86.9364548
-85.4136505
-86.0759430
80.5025024
76.3063660
78.1269760
74.5878754
73.0809326
75.1006546
121.1307831
73.0554504
76.4638519
160.3310699
71.8651581
75.0142059
99.4841232
78.1368256
76.0381317
77.6284943
76.7337112
81.8539886
81.4860382
81.0762024
80.0733566
92.0845871
116.2854691
158.2341766
81.4564362
79.3872757
83.3835068
80.5803375
83.4815445
80.9224167
82.9660034
84.3431549
77.8948364
92.2156754
85.4194031
82.9939346
92.3120499
102.3926544
106.2129288
141.2057190
95.1218872
-119.9249268
85.1164017
100.8768845
92.3518448
112.3423920
124.6603088
-104.1601257
97.1597748
83.6516953
-98.4540787
97.9546204
-96.0154724
77.6699677
-99.6365356
113.5914230
-92.4858627
154.3869934
-84.0988693
-80.5529480
-80.4391174
-79.8057404
-74.9596252
-78.4949722
-80.1838455
-78.7443619
-94.1528549
-80.7401962
82.3716660
-77.8127594
172.4484100
159.2503357
-79.2313461
85.8813400
-74.1161194
-78.5984650
-81.3418732
-81.5717850
-79.1722336
-53.5655403
85.6674118
92.0991898
88.2416916
88.3909073
87.3240204
88.7742462
86.2886429
85.3678741
84.7658997
84.5646210
86.0308151
-82.6950760
-90.7439194
-88.3019180
-83.0114365
-88.1513596
-90.2525482
-90.7247543
-90.8640671
-84.6793823
-88.2233200
-88.9624710
-86.8410110
-88.8162079
-87.6843643
-89.1792374
-90.3099136
-90.9367142
-94.3744431
-86.2453232
-86.3208694
-87.8860550
-87.2480621
-89.4514542
-91.8160934
-89.0556793
-89.8206482
-95.2405548
-88.0458145
-93.6810303
-92.4041367
-90.3806763
-91.3106689
-92.1302032
-90.7629395
-92.2910843
-88.1225357
-94.9118576
-91.5537109
-87.0119781
-88.4535065
-86.1275711
-89.2234116
-87.2504425
35.9698944
57.8007317
78.1639709
86.3376999
79.8894501
85.4125595
85.4174881
-90.3226166
-89.6640167
-80.1341629
-90.7053833
-89.5354614
-92.3349686
-87.0558777
87.7452240
-82.3589401
-91.2873993
-83.8242111
-95.5588150
10.8179188
-88.2141418
86.0916672
-98.0164108
87.3208084
10.3240185
-84.0601425
-86.2955170
-91.8596191
-92.7137451
-90.3104935
-92.0840988
-81.9516296
-85.6602325
76.2894592
-49.3500824
68.5627136
73.8107147
76.5610428
79.8348465
-87.6949234
72.2720184
-85.6628494
77.4441452
64.7582626
90.3709717
81.0824738
79.1810379
130.5977173
134.7515106
132.4549866
150.8125763
121.3648376
146.4223785
155.3125153
134.0126801
144.9173584
155.2734222
175.4588623
157.3336182
175.6136627
-170.4296875
160.6037903
170.0398254
155.8231812
164.6779175
128.5573883
155.4412842
130.4407959
175.1447906
135.5283203
153.5776978
133.3365479
123.8571548
112.6936722
117.5415878
109.8010712
73.1893768
145.5416565
134.9035797
102.3560562
73.6258850
73.1246643
70.8398285
93.5332031
64.8541946
55.9492416
70.7313995
68.6957626
67.6321716
-84.5070724
90.6705017
71.6675034
69.0417099
61.7622147
68.6374741
67.0847321
42.3635483
-94.3930511
64.7091141
-102.3825073
-97.5274048
-93.8453827
66.6713791
-96.3160477
70.8608322
-100.5117264
-97.2962265
-98.4957275
-82.7710266
-97.9686584
-101.3579483
-96.7639389
-99.7710190
-95.3876038
66.1667404
-100.5924759
47.5518112
69.0852051
66.9349060
-97.2769699
-98.5735474
64.1175385
-103.3706207
25.4967728
75.0769348
76.8946991
75.9351578
63.6315079
71.4079132
69.8096085
66.2329178
-10.0259933
-98.7608719
-96.6310349
-98.7078476
-100.2426834
-98.9790497
-100.0473175
-96.7903061
-99.8110733
-98.6390533
-104.0308075
-98.5047150
-99.6671677
-101.6858902
-101.3531189
-101.1948242
-99.7400208
-99.5150528
-102.4391403
-95.4109879
-97.1826248
-102.5269699
-100.2544022
-99.5820389
-102.2887421
-103.0675278
-98.9661102
-97.9276810
-101.2915878
-99.7958374
-98.5118790
-96.4530869
-101.3488312
-97.8224487
-96.7927933
-98.1792145
-98.9951553
-96.7118454
-96.0288391
-95.8647079
-96.1350021
-97.8645859
-97.0686417
-96.4946289
-96.1729202
-96.1369247
-99.7527084
-95.5074158
-100.2036285
-101.5000458
-98.8528366
-100.2500076
-102.4094315
-104.4890671
-104.2956390
-104.7930908
-108.7262497
-103.6437607
-108.6920395
-103.4945755
-104.9536209
-104.4003296
-105.3054199
-108.1252518
-104.8711929
-107.8768158
-106.7259064
-103.3377151
-107.2340088
-107.0411224
-103.7410049
-107.1379013
-105.1970215
-107.1485291
-108.1582184
-107.3122482
-105.0024643
-104.5495224
-104.6773224
-103.7105026
-102.3656693
-105.7395859
-93.6520538
-105.5397339
-105.8621368
-100.7651825
-107.2202301
-102.2191315
-105.2972641
-103.5085449
-105.9343491
-102.1189423
-103.0366898
-101.9244385
-104.4265060
-101.6716309
-103.4737625
-97.1607742
-106.9472809
-104.7213821
-104.1910095
-104.0194931
-101.3860016
-101.9151230
-100.1508942
-96.7905655
-98.8787155
-100.7324905
-101.3090744
-99.2454529
-99.1907501
-95.8950882
-99.1446991
-96.3926086
-97.3761749
-94.3313217
-94.6827545
-90.1339798
-95.8541107
-92.9657288
-94.5516586
-94.7133789
-98.2115173
-98.2639694
-95.9423447
-96.1643753
-92.2893448
-91.8442230
-91.1768646
-93.0970306
-88.2073288
-89.2523956
-87.2675095
-92.7078171
-89.6739578
-90.2496872
-91.9577408
-92.8201523
-92.0090027
-94.1264572
-91.7599335
-93.3570251
-93.1794281
-95.5126038
-91.2315750
-81.5579605
-92.8244476
-92.0195694
-92.3094940
-91.6287231
-90.0327759
-90.0268326
-90.0329590
-89.7056808
-91.2236099
-91.7828903
-91.4615479
-89.6745682
-89.7554398
-91.5264587
-91.0347214
-88.8978119
-89.1236954
-91.6719589
-87.6853943
-90.9029083
-86.1944122
-87.5489426
-87.1305466
-88.0225296
-80.7113800
-83.0304565
-83.0198822
-70.9086380
-84.3009796
-76.4940872
-79.1856232
-84.6522598
-31.1260014
-77.3943710
-8.9819336
23.2723560
40.8492279
38.0173378
76.7120209
82.1973953
-82.9225006
83.0415573
42.3497200
-72.1510086
50.9539757
78.7862473
53.8283157
86.6992950
54.6271896
84.2978821
91.3421249
83.3815079
91.3062668
78.0762634
86.1448288
84.0377121
86.2138901
55.5121574
86.7741089
88.1373901
85.5009460
22.8575573
73.4249115
-87.1898651
-85.6845245
-85.1017685
-86.3075027
-79.5143051
84.2526169
85.1006546
-83.2725143
77.5979385
-80.0258789
85.2737350
85.1296234
-90.0539703
90.1380157
87.6273422
91.1356125
88.3309784
28.3830128
-80.6475220
-73.1643677
-83.0070877
-77.2206497
-81.0524902
-81.4607773
-80.7692795
-82.4040756
-85.6080017
-85.2052612
-84.4640884
-86.2484055
-80.4783401
-81.4700623
-83.0854721
-84.2008438
-63.9797134
-80.1539764
-83.0939255
-78.2335510
-83.2002029
-81.8785248
-82.2804718
-83.4094925
-84.5407333
-82.2148895
-85.1881943
-82.3480606
-93.5049667
-85.0644760
-86.7641220
-84.6807556
-87.1592407
-87.5066605
-87.0653992
-89.1307983
-85.4501266
-87.7753448
-87.3782272
-92.6904831
-92.6461334
-89.4831085
-86.3311081
-89.2520065
-88.0687027
-91.3595200
-89.8262177
-87.3997650
-92.0596313
-90.9304733
-95.8138733
-91.2597351
-89.7648163
-90.5233841
-86.7656403
-85.5043869
-88.0679169
-87.2747726
-86.9926376
-87.3867188
-88.0795364
-89.8070984
-86.5750732
-93.1732941
-90.6452560
-87.3123932
-89.4524002
-89.2223206
-93.0017395
-85.9091644
-89.1766891
-88.7913284
-84.1327362
-89.8319931
-84.9829941
-82.6841202
-86.3518219
-86.2908554
-87.3247299
-84.0149307
-82.5578537
-86.3227081
-85.7075500
-87.6754608
-83.5943375
-87.9997101
-83.0950775
-91.3014297
-89.6182556
-90.7409744
-90.1439438
-87.0349350
-89.8292923
-83.4687805
-81.6414719
87.2806396
-70.7804565
-85.5354996
56.6245651
2.8252800
76.9460449
58.2799416
26.6721344
-82.7085419
-80.4492340
-83.4512482
-87.6494446
-84.8959122
-86.9390945
-85.8805161
-86.2130280
-85.2342529
-86.7447433
-86.1890182
-91.3101120
-86.6851120
-87.9080963
-89.8703690
-77.2727356
-84.4095764
-87.0255814
-86.9095535
-90.3274918
-82.2719650
-81.3827591
-84.9565659
-83.7139664
-81.1099396
-81.2928162
-79.1278992
-84.1714935
-86.0033112
-83.7358322
-81.8967743
-81.7535324
-85.5375290
-84.4601364
-84.2106323
-84.5715408
-84.8098831
-88.2413406
-83.3527451
-80.3049088
-79.9372559
-84.6846161
-84.5661392
-85.9081345
176.4704437
-83.5973434
-82.6377716
-86.6257706
-82.4299927
-86.1408920
-85.7598953
-85.1716843
-85.1910553
-85.0797119
-82.1209564
-80.0181274
-88.5187149
-79.9663696
-82.9439697
-85.7229919
-84.2771225
-87.3550110
-86.0298233
-86.5896988
-89.2511444
-86.4093552
-88.9944000
-88.7590179
-88.9153671
-92.3671799
-89.0978470
-87.2069702
-85.9100494
-87.6038589
-88.6728592
-87.9805145
-90.7313004
-86.5430145
82.0831604
-87.9578629
-82.2847443
-89.0018311
-79.8732834
-83.0921173
84.5631866
-86.1674042
-75.5062714
-85.8453522
-86.1763687
-84.8682175
-89.7413635
-82.4243927
-88.0658951
-85.1378098
-86.9053268
-85.4051971
-87.1926346
-87.9912491
-83.4642715
-86.3138199
-84.9444199
-86.2469940
-82.0165863
95.3050613
-67.6914520
98.2008972
93.4113083
98.6811295
99.1653748
93.0193329
98.6610184
100.7715530
97.6274567
100.4418106
101.6371384
-93.8410034
-85.0716019
-97.0002213
-96.8703384
102.1125336
-101.0714874
21.4231396
100.8225555
101.7721405
-77.7284698
-97.3711853
65.1419144
28.6603050
15.5271521
4.4023480
17.1835403
41.9735413
-23.5700855
-75.1990662
-1.8085293
35.4169922
30.2038345
37.7023125
7.0516295
60.1842384
28.6886616
73.4997253
60.0565834
64.8521576
97.8336487
91.3809128
95.1812973
58.9089127
34.4047966
89.4840775
94.2043686
95.4463348
96.5177841
94.6372147
93.4893799
97.5278778
89.7510757
95.1299362
38.6086426
7.6589179
-80.5451813
-79.1922455
-80.4882889
-81.5261383
-79.5694427
-81.4889221
-81.1429291
-68.9723892
-81.1550674
-83.5296936
-87.0836716
-85.6534729
-84.4350815
-84.4281006
-79.1281891
-82.4848175
-76.8372650
-84.4730301
-79.5177841
89.0749512
80.7932281
91.1952591
86.5844955
59.2084694
14.3538637
16.3280525
-32.0334854
-81.8493042
-40.5896378
79.5686798
80.7538834
-84.9747696
92.3491058
86.4016037
95.3581238
95.4018784
92.3743973
95.1857147
90.3294907
91.0434952
78.3241348
92.5718460
93.3924179
89.1873016
88.6395798
90.1324768
89.6181717
90.6004944
88.5287170
86.9260941
46.6752281
-12.0188265
18.5512638
-11.0671644
1.7106265
0.8365708
5.2459469
27.6257668
30.4786568
-9.3961182
-38.7672806
-1.8596040
17.2155838
-29.1447220
-66.8492355
-70.7345963
-75.7343826
-82.6121063
-85.9403839
-86.5133286
10.4580212
-81.4722977
13.6690016
-83.6149750
57.5253563
-84.7950134
-88.7837753
-87.7612686
73.9579773
-81.4657898
82.1886215
-89.2097168
-89.4468842
-90.5099869
-89.1649323
-84.2131653
-75.8765030
-84.3789368
-4.6951404
-79.8046722
-91.5492172
-88.0376740
-77.9464417
-85.0430984
-90.4275894
-90.6868439
-94.4143753
-87.4627686
-89.1860428
-87.2483139
-90.8522797
-85.4948883
-90.6357193
-89.2566147
-86.0498428
-87.1972351
-83.4988937
-91.4750366
-56.0443115
-79.0234680
-94.2241516
-79.6707458
-91.3057404
-91.1877975
-84.8479156
-78.5154800
-86.4838181
-89.1334305
-88.7966843
-90.8465042
-90.1638336
-90.2282257
-86.4119263
-92.7979736
-91.5585861
-93.0901031
-89.7231903
-91.8213654
-92.9796677
-92.0315781
-91.9944916
-89.9978943
-88.4716415
-89.8072357
-77.1274185
-83.0931549
-92.8069153
-93.9445648
-87.2444916
-83.8482666
-95.4189911
-85.7813034
-89.4745941
-85.2125549
-84.1152496
-72.9569244
-90.4386215
-88.6439209
-81.5538788
-60.9871597
13.1535473
-28.7935200
-88.7059402
-89.6696243
-90.1326141
-91.5657654
-83.4496307
-87.7231522
-91.1559830
-86.2573166
-87.4437561
-88.3844833
-89.2264328
-85.9584885
-89.3423920
-88.7382431
-90.5404892
-87.2577896
-88.1656799
-80.7273712
-88.1021652
-91.4555206
-83.5244827
-88.0001526
-91.5312347
-88.2931366
-89.3083801
-91.0641251
-91.6135712
-84.1497574
-89.7864151
-92.0714493
-89.3815842
-92.5527725
-92.9096756
-89.4188461
-92.1283875
-92.3839951
-90.2580795
-95.5140228
-92.7033310
-94.8229828
-88.3639221
-76.6592560
-93.0139160
-91.8619919
-75.5705948
-88.5440903
-90.8120193
-90.7346802
-92.2208023
-84.1744537
-79.6113358
-88.2400970
-24.8079605
-50.5633545
-53.8687553
-16.3274002
-50.6598740
-85.2228088
-67.8238602
-75.2799454
-39.9885292
-93.1941147
-72.7114105
-90.7830887
-86.5141830
-74.5252533
-88.7997131
-83.8937683
-86.4725494
-51.6664009
-64.6268539
-37.0144424
-47.6880760
-29.4040794
-33.2040863
-23.9142418
-20.2192879
-31.1299057
-37.7203827
-41.7562561
-47.7314491
-89.2716827
-82.0511322
-89.6538696
-85.4840851
-91.3761597
-90.1730728
-90.8454895
-92.0428314
-89.3901215
-93.0602570
-83.6829147
-85.0663834
-92.7832413
-86.6564026
-92.4870605
-80.5317841
-53.5875664
-50.8537979
-29.9807949
-23.9837799
-15.5402851
-17.0049877
-17.9084110
-22.5297298
-20.8472214
-0.4903307
-22.5095520
-66.0475769
-90.3921890
-20.7124062
-88.4159775
-40.9342537
-87.9543686
-10.3822451
19.4375515
-16.8498573
19.8802547
-20.7413349
26.0770206
-4.4528441
35.9216003
-36.8774261
-46.2900124
-95.5396500
-77.1173553
-95.0451736
-80.2464981
-65.5310059
-45.2752953
-52.5855827
-85.5467529
-98.5282211
-94.1953812
-100.3363190
-97.5686798
-96.8792648
-97.0324860
-99.3258286
-96.6548538
-97.0034409
-100.4972153
-98.2184753
-98.4437027
-96.8668594
-97.7019577
-98.0347595
-94.6737061
-93.1241455
-93.9280014
-92.9702072
-98.6641312
-98.1416931
-90.8956757
-98.5363617
-99.0217743
-100.9740524
-97.3371582
-95.9737701
-94.3567200
-95.0009384
-94.9167175
-97.5525742
-99.9537277
-100.4451675
-97.1942978
-96.9247437
-101.4724045
-93.5333939
-92.8478546
-95.2487488
-97.1114426
-94.7573395
-94.7724686
-95.7068481
-97.9430771
-97.3184204
-93.5857391
-95.6299820
-93.5825882
-92.2076569
-94.2681656
-91.5405807
-91.2913589
-87.5529251
-93.0198441
-93.8705444
-92.2063675
-93.3533020
-92.3720703
-94.9166031
-90.3157425
-97.6208420
-94.5867004
-91.6163177
-92.9704208
-96.3171539
-90.9813995
-88.5062103
-93.9810791
-89.7108002
-91.6949387
-89.9280548
-91.9658127
-90.4278717
-92.0565796
-92.2075958
-92.0961227
-91.8874588
-92.9427185
-91.1987686
-96.4533157
-93.2155533
-99.5812302
-96.7815018
-104.4886246
-99.3967438
-102.3015060
-99.3087006
-97.0589752
-100.1055984
-99.3752365
-99.8654404
-98.6949387
-99.8677979
-99.8920670
-102.0172272
-97.9201355
-96.0561218
-95.1493759
-95.1286774
-90.4209518
-86.0073166
-93.8996811
-94.8419342
-93.7305069
-95.6319199
-100.5798492
-99.4407043
-95.5207825
-100.5861359
-99.1326218
-95.9391556
-98.7936020
-96.7184982
-95.0992050
-97.7445755
-93.0940628
-93.4787750
-91.2232132
-95.2257385
-97.6176376
-95.3651657
-96.8898697
-91.6330261
-90.7467194
-93.4352264
-93.8615189
-91.5272827
-93.1590195
-95.5518951
-89.6330643
-91.2755127
-93.4707870
-97.4361115
-94.5767136
-96.2062302
-95.6520767
-96.4418106
-97.9597549
-95.6718292
-99.7245789
-98.1389999
-100.8118134
-99.3500443
-95.2757111
-96.8014450
-96.9610825
-94.4573135
-98.6635971
-97.1768723
-101.2240677
-102.0664520
-106.8635330
-103.0761108
-109.0988922
-110.1157532
-110.5971222
-108.8850555
-101.5856247
-103.4457779
-104.1033478
-102.6592178
-104.0296478
-104.7639389
-105.2711258
-98.0800934
-102.5032043
-103.5319672
-103.2882538
-102.1485901
-102.3055115
-104.4101181
-102.7689362
-102.5372238
-104.2791595
-100.9738693
-102.9952011
-100.8301544
-96.1871796
-94.8304749
-91.9173203
-88.4229050
-93.3190536
-95.9220123
-93.2620926
-94.9464035
-91.7278748
-94.1413803
-98.8288803
-95.0675354
-97.9080811
-100.2700272
-98.6402969
-87.5616760
-101.0657730
-94.9384766
-97.8566437
-89.2974625
-96.1198959
-89.4568329
-95.3226929
-91.3452225
-92.9162903
-90.2120285
-73.7758408
-83.0227585
-89.2688217
-23.7179108
-96.0104904
-64.7505569
-95.7530975
-96.7595062
-94.7101364
-97.1649246
-99.8718033
-95.7154236
-101.9353485
-102.6245041
-101.5301666
-102.9714584
-104.7163849
-107.6040497
-107.5881348
-106.9143372
-106.9876785
-107.9388123
-107.1602249
-107.5977020
-103.9865570
-107.0392151
-107.5947723
-110.6379547
-111.8171768
-110.3407745
-109.5116348
-105.4537048
-106.8036499
-107.4925690
-104.4903107
-109.6823425
-111.4014435
-108.9511795
-111.6058350
-112.3747940
-111.9553223
-108.2974167
-111.7075424
-112.7563782
-109.0469742
-110.6744308
-108.5961761
-107.4796371
-109.4534683
-105.3981705
-107.5585480
-111.7640762
-112.2251587
-112.1012650
-112.8578339
-110.9168320
-112.3152084
-110.6884384
-100.9623871
-108.0945892
-112.2886353
-113.8793335
-108.4586105
-109.3562775
-111.9640198
-112.8526459
-105.2981873
-112.7728806
-111.8805237
-112.3755035
-109.7829742
-109.8430176
-106.5182800
-110.1085052
-111.4961853
-109.3509369
-111.3481598
-108.9788208
-109.6572495
-114.1810760
-107.4776077
-112.0885773
-110.2198181
-110.5106354
-112.4307022
145.2694244
-106.9258804
-112.4151840
-106.0346832
-109.3055115
-108.5485382
-111.8923721
-111.6885529
-111.3372116
-111.9647446
-113.2762146
-108.3626862
-103.2256165
-107.0029144
-110.2702560
-108.6618958
-108.3492050
-108.4909134
-106.8788071
-107.2947998
-109.6514511
-110.5884933
-111.3829346
-110.7379913
-112.4672089
-110.9170532
-111.1884918
-108.3001251
-107.0011444
-106.2286072
-110.0451355
-99.6126404
-107.0632095
-107.6326294
-109.1651993
-103.4102478
-106.9442291
-108.7027054
-108.7103043
-107.2941895
-104.6504898
-110.2658920
-107.6126938
-106.6114883
-108.3092422
-101.1082764
-104.6156845
-104.5717392
-95.4173279
-96.5809479
-78.8466797
-99.5665207
-74.1616135
-104.9248047
-98.4669647
-106.8535690
-101.0746078
-100.7344818
-109.2435532
-97.5953751
-106.5548248
-108.5948029
-106.2238312
-104.7954483
-106.0281601
-99.4189453
-104.3208389
-104.1949539
-105.9128799
-101.6426315
-102.8592377
-99.3449097
-96.8023071
-103.7278748
-101.6521835
-103.0278702
-106.7610550
-104.5632782
-105.1063461
-103.9407425
-105.8080063
-105.3827438
-107.2450180
-103.5541458
-99.7553329
-100.5121155
-97.1293335
-100.8629150
-104.4608917
-100.2979660
-95.8715134
-103.6673660
-95.4837646
-104.5323181
-97.6358948
-100.7766266
-98.3327866
-93.3229141
-98.3891449
-101.9477463
-97.0782852
-91.2824707
-96.9596710
-95.6299896
-97.5796967
-92.9027328
-95.8971863
-101.1815414
-94.0173187
-100.3819733
-100.5613861
-95.7435150
-103.7239990
-75.5549469
-100.0580521
-63.0769386
-97.2182388
-52.3844719
-76.2511673
-83.9897919
-90.6514435
-84.8536606
-54.8884735
-77.2504044
-45.9265785
-64.6364212
-22.5523319
-65.7738495
-32.5418549
-74.3360596
-54.8467255
-73.0864334
-63.6059837
-84.1667938
-98.4195404
-73.7995300
-81.4095306
-79.9732971
-66.8344345
-35.7692986
-43.8006058
-30.4321861
-37.7474670
-24.2169743
-38.5418243
-15.9699316
-48.7874794
-29.5558701
-37.8067398
-33.2123947
-36.1318130
-33.1544647
-38.1919289
-52.3405418
-38.2488060
-43.3528633
-37.8047104
-56.5067749
-31.7880993
-67.8513260
-22.8030376
-38.0498314
-29.8855286
-41.4477005
-39.0119705
-45.5638161
-35.7393646
-36.6151848
-55.8679581
-35.9762840
-50.4021301
-36.6789322
-44.8765984
-13.8466082
-29.4459896
-33.0848999
-24.2379093
-13.7252874
-20.8744926
-31.6993084
-31.6950550
-30.5189228
-28.7635078
-32.9468460
-18.0315304
-39.8725853
-42.7348595
-48.0899353
-24.8243713
-38.6261101
-28.5853615
-48.9054489
-35.0374489
-35.0964546
-43.2425232
-42.7171059
-41.5410614
-24.2181797
-44.3782349
-30.1167526
-27.8391895
-22.5947552
-18.3561592
-23.5126247
2.1962938
-10.6931324
-10.9428587
-8.8880854
14.6535168
0.3240391
0.1205323
-3.8174736
-3.6496298
-9.0528898
-0.6036236
-17.6118546
-13.2022591
-19.7204552
-12.4494371
-20.1964684
-19.4205608
-44.6039352
-41.5628891
-49.8641739
-53.8506317
-50.7680702
-57.9971352
-53.4740143
-57.7391510
-61.7203598
-68.2649002
-56.7348404
-57.0330811
-74.3002090
-58.5757751
-68.9867477
-53.4510345
-71.0607376
-61.2989349
-72.2099838
-61.5023537
-64.9870758
-56.1107216
-63.7209167
-53.3661499
-62.2254181
-46.3559418
-57.2530937
-62.5327530
-60.4424057
-69.0823975
-54.2597046
-60.1004524
-73.0894470
-54.6509933
-52.8380814
-71.1757355
-69.8865967
-58.0021706
-50.8372231
-51.1398392
-50.6750374
-70.9711151
-67.5737991
-58.7129974
-50.3260803
-54.3558350
-49.3034248
-12.6455517
-22.7279396
-32.5662804
-18.9752102
36.8018494
72.2835541
27.5900612
73.6111145
66.3952866
56.5173416
63.9971619
39.6734505
59.2047501
62.5172806
57.1516571
61.7765846
52.2392845
72.9409256
74.6676712
77.0768127
62.1823425
57.6388741
29.8971348
32.4831734
47.2465973
35.1624146
9.8764343
7.3445706
17.5185070
1.5370764
12.4635973
19.3838654
29.3500252
22.6663380
18.3878899
9.0003605
27.8305511
13.8441381
6.6601872
27.5304890
17.0384007
23.8741760
32.0249290
19.6859589
47.1615715
23.9615421
13.4243050
4.4664841
31.7244263
8.4171762
0.8106719
14.2566481
17.3814945
-2.7548578
18.0120506
19.0754566
4.1485529
28.4772358
4.2131257
8.4164295
6.2627935
34.7086906
14.0839224
31.5786037
73.7985077
68.9244385
93.5111618
28.8892365
52.8829842
5.9354687
-4.2075105
-7.8117819
-9.1687355
-13.1795702
-17.3323975
-2.7170076
1.7594974
0.4570553
7.6147642
-5.6493044
6.4235430
11.0722742
7.3759732
57.4835205
27.7612152
52.6068611
15.6156321
39.1903954
9.8382635
9.6713247
27.8397522
4.5322294
2.2822516
-2.9143226
-8.4734364
7.9017072
-4.2584906
14.9491081
16.4106693
43.4447479
40.4189377
43.8001251
45.1942215
25.0778828
31.5901718
15.3228159
6.3895202
15.6759233
5.7039280
5.8394012
18.1021404
7.8638167
7.8578105
12.8736238
14.4964943
-1.6942710
6.2983279
-1.2406906
-1.0843939
-16.3910618
3.6774712
-5.6260495
-9.8725758
-14.7129116
-8.3936930
-11.2145185
-15.5974197
-22.0943527
-17.1722431
-16.8472443
-43.7160721
-31.0570354
-21.6095181
-24.9695950
-18.3196945
-29.1278591
-23.4243240
-25.9843235
-22.7681885
-27.3738823
-37.4662971
-24.2698097
-20.4934940
-18.8344498
-16.4443111
-32.1001930
-19.0797539
-54.6699142
-85.1855240
-28.9241562
-28.6909943
-23.8314457
-21.4864807
-37.8631935
-30.8647099
-17.4761353
-15.3813686
-29.9356289
-19.9886303
-21.5126610
-13.6965065
-18.8551388
-50.3121986
-10.9251833
-54.8696556
-4.1690884
-1.4545892
0.0767732
-23.3506355
11.2185450
7.0085320
38.7218094
-1.1317970
-4.7784653
-5.5965858
-3.6275227
-12.5513868
-12.8173485
-15.0250549
-4.2896256
-1.8922777
3.0561044
15.2880993
28.6285458
26.7586403
46.5769119
26.5707359
11.4513578
0.7061161
18.1122189
2.7390997
0.3741830
3.1496236
22.4650555
35.7313995
39.0802650
47.2459755
19.0337944
-17.1506214
49.3216209
61.2234116
47.6167259
62.3968048
46.5058823
68.4317551
52.1205902
49.7409325
74.2648087
23.8101997
57.7207031
60.7784157
60.5602264
47.2637367
33.1500931
69.0437088
53.7350845
53.7159538
25.1800709
15.6845169
28.0124054
2.8146572
16.4120750
15.7735157
2.9243970
3.6373792
7.8076267
-2.4320142
-0.9497753
-8.5318813
-6.1886024
-4.8830752
-5.6185536
-9.1016235
0.6763610
21.0425339
25.0256500
49.6232872
42.1219063
19.3142357
22.2870979
0.9917009
-1.1797392
-4.4192433
-7.9849172
-8.3225145
-9.5984249
-2.2326663
-13.6672115
-9.3268518
-3.3610039
-9.7481413
-6.0123258
-14.5544767
-4.8366461
-3.6235096
-9.6368637
3.0125518
-3.3768427
-6.1096649
-3.1686959
-4.9301138
-4.0190506
-8.5834484
-0.2294501
-6.3934159
-7.5791183
-7.5612617
-3.6018932
-11.7260923
-12.8496895
-5.2617764
-7.8341928
-9.6798735
-5.3110762
-2.1384976
-7.9147248
-10.2418451
-10.3860893
-19.0748386
-15.0762224
-3.6788435
5.0007238
1.9070482
-0.3626324
-4.8135066
-1.7955662
1.2310948
-11.9670372
-1.2073263
-0.7966222
4.9712372
10.8088551
-2.3432672
2.8209105
-6.4483480
-9.0081701
-2.6894619
-7.6257668
-3.9580402
0.4354713
-8.4601803
-4.9395452
11.6502066
-1.9422818
0.8593374
-1.9972476
-6.6481109
-9.4703741
6.3583603
-7.2202263
-4.8443084
-2.6189535
-5.6025252
-6.2133021
2.8306708
-5.7639122
5.1458764
-8.4715433
-6.8676591
10.3141108
-3.5480130
-2.9091573
0.9390869
-5.0527186
-1.4754736
0.7697467
-10.4401255
-7.2248354
-10.2152624
-7.0395298
-7.0131264
-13.0741167
-10.1605062
-12.4980001
-8.8233490
-12.2886200
-3.0353150
-15.7841415
-11.7369661
-14.0312433
-10.5118542
-6.0979424
-14.1897039
-14.5720253
-14.0334339
-12.0568838
-12.1314249
-11.2797194
-15.8181200
-15.5494747
-16.9431629
-13.9737396
-18.3384113
-17.0767670
-15.4624720
-15.3102646
-17.4105301
-17.5754223
-12.6846399
-20.3505383
-15.4799767
-17.5870132
-18.6662731
-10.6049070
-14.8130617
-15.6382456
-14.8543024
-17.7762070
-13.6026373
-16.6651764
-16.1189480
-10.1256208
-18.1166115
-17.1065731
-16.3657494
-7.1556239
-13.6771011
-12.6968012
-16.1199341
-27.6299400
-17.0871792
-27.0400143
-21.5417862
-17.7109451
-35.9600754
-24.2230949
-27.6645088
-22.5240917
-25.1791706
-20.2243023
-28.0657654
-22.4445496
-30.0215397
-26.8546371
-36.7457008
-36.6895180
-25.3711815
-29.0664921
-24.6082363
-33.8459282
-7.7898417
-37.5041428
-19.9188290
-26.7976723
-21.3884506
-24.1212749
-24.5507317
-23.3584270
-22.3918228
-24.7376022
-22.6551094
-31.1203346
-29.4921074
-25.1630402
-0.0643887
-23.5532341
-15.7041874
-22.3078709
-13.7808018
-15.0906725
-16.1563625
-14.4961357
-12.7760210
-18.6351547
-12.5965395
-13.5728893
-12.5655737
-7.0915036
-22.5376320
-4.3187475
-11.2266474
-10.0717411
-7.3389692
-8.7540979
3.1367812
-3.0074260
0.7164959
2.6394126
2.5104311
7.8169279
5.5724721
1.3257931
17.7719460
35.6853371
16.0366116
5.3930798
3.8321245
14.5201902
0.5456502
-6.6069088
-3.0130036
-5.2171659
-8.4859867
-2.5335388
-11.3106680
-12.2061090
-17.1709557
-13.5363579
-19.0543861
-14.5220652
-20.4831848
-19.9135151
-22.5348072
-24.0175800
-12.2821188
-18.9880962
-5.7768464
-18.7432594
-16.5148354
-16.7173157
-27.2170277
-25.8144932
-23.4341946
-21.5802326
-29.2648563
-23.5056763
-20.8945065
-25.0999775
-21.9565849
-15.9312954
-10.6329641
7.0797720
3.7190902
6.8679099
-6.5124321
-3.7219241
-1.4366126
-8.8099031
-11.7430353
-7.3520422
-10.5836687
-16.6573429
-13.9203215
-0.3057169
-13.6795855
-4.9995880
-9.2104406
8.0511780
2.4467292
7.6279192
8.0601301
9.7428513
19.4890633
6.3615780
20.4644623
23.0661583
34.7201843
24.6601753
41.6830368
22.2523766
28.5795612
16.0990906
13.1341457
9.6608715
4.3691759
0.9984287
13.8169804
-5.1328535
11.1297789
30.6609592
0.8421140
0.3832450
-6.2037339
2.2872684
-6.6570749
7.7923350
-13.4372673
-0.2575322
0.0445064
-5.1663442
-3.5853281
-6.6171999
-10.2615166
-11.8287535
-22.9245338
-18.3985577
-12.3702192
-19.2723255
-27.7325935
-20.7548027
-11.7452517
-17.6522179
-17.4956894
-6.7945018
-20.9544582
-16.0863132
-19.3088360
-13.0104246
-13.2831802
0.7609773
8.6323729
8.8966637
29.1438122
21.5051727
1.8129886
28.4684200
-3.2694020
20.4109364
0.7433831
-4.0417695
23.5813217
11.5205669
2.8439329
-5.3743911
2.9814892
35.5475578
29.2625542
27.8028641
25.4723110
33.0394096
30.7439213
18.3753376
10.4479027
3.9139671
11.4280443
15.7053776
2.6871898
23.8057117
28.7933273
26.7247066
9.4128828
27.8837261
21.2927399
19.6449280
16.9374866
28.4185581
15.7188330
26.9917965
24.4221420
24.8050213
21.7676754
23.3716373
14.6523447
22.2015724
20.4171619
19.5617237
34.8410645
23.4315891
24.6508160
31.1513691
20.7319698
19.8861866
21.2715206
19.4343967
8.7617226
11.4802580
21.6041870
11.1369953
5.9536238
6.0637693
19.7799492
23.0933151
5.4084516
4.4279146
-2.8826299
7.1049318
2.9989078
8.7006283
5.9245324
-5.5949283
10.5789766
5.0552549
7.9446216
10.7575855
4.4339409
1.3314183
7.1198869
6.0761051
10.2240353
5.1207228
-3.2086790
-1.5594697
9.4387159
-0.9909469
8.7720537
-0.7960343
21.0847893
2.5687084
6.3530126
-3.0465307
6.0581799
11.5595741
11.6457901
10.7168102
12.5099297
14.6439323
10.0017605
21.0741234
21.5448112
25.1192341
12.8322239
29.6188087
18.2348461
29.9350147
20.9715652
31.3006897
18.3301258
33.3759613
26.9489193
32.6882477
37.7316017
24.5465775
43.6665955
19.5239048
34.4066315
29.9964828
26.4781189
37.7794113
29.9924297
21.3277111
48.4470329
58.2485085
43.8591309
51.7389832
53.7150574
49.9040489
36.3833771
47.8070259
54.5493507
58.1071625
71.7419891
49.6393890
60.3040543
46.9875069
59.1618271
49.3676910
41.6900253
31.9283638
7.4511948
5.7270665
3.0922353
19.0461845
34.1127319
26.7514648
18.6459236
48.1070175
45.7550392
45.5155182
50.5330124
61.5777054
46.5596352
52.6007271
44.2826653
41.5508575
47.9270744
48.0517502
48.5265350
44.2377663
42.8834686
45.6492729
45.2268143
49.0313797
45.9129066
39.2237740
41.1609840
48.4083099
34.2957954
46.4363327
39.7653008
42.6158218
43.2560081
55.7681656
59.4838295
59.7709351
57.5928230
59.6390572
68.9043732
55.6540260
67.5188828
78.6641769
64.6494446
63.4959641
64.4899445
58.9612503
68.2857666
67.4861298
75.7844620
66.1329727
72.1889038
63.3264389
70.8945847
73.2709198
72.2329178
62.4680252
68.6795654
63.4875145
71.8672638
73.0699234
76.2228775
72.4542007
73.9493027
75.5057755
78.4710846
75.3823242
74.9969177
72.5855942
76.5699615
66.0258789
71.9013519
69.2674332
66.2653275
61.9752617
66.5525284
45.1199875
66.0720825
63.4713135
70.6346436
62.3898659
74.4810715
60.7536278
66.1955032
67.0115356
67.0769119
71.1469421
71.6824570
71.4283981
65.8537369
73.7275391
66.3882446
75.1837845
65.7042847
69.4212799
61.5320778
70.2232285
71.4635162
66.4125977
74.8170547
75.3148499
73.2920685
73.5578842
86.0670242
78.7180557
71.9363785
73.9616089
75.9543915
74.6548004
71.5180206
75.8236389
78.4315796
75.7659607
78.8278198
84.2950668
84.2201004
77.6792526
86.4529724
81.6806793
81.1000671
76.5911789
74.5775070
69.4114838
63.6977234
57.5875778
60.7920341
73.9129715
67.5220795
69.7756348
73.6711121
75.8569107
70.8710480
67.5616226
75.8301239
61.5474281
78.8910675
65.0065231
76.8543854
72.4292603
76.3101883
73.6567078
69.6056671
65.7147369
77.5881729
71.9220963
73.7948608
74.0056763
75.8134842
71.7527924
77.9324951
74.9700851
72.5495377
83.5522842
83.5414581
76.6552277
84.6737823
80.8397141
85.8535767
79.2028732
75.2663879
82.3311615
85.1207962
86.8075867
81.5186539
80.9053345
72.4039688
85.5561218
76.9155121
82.8207550
81.8092499
78.8136749
76.8858109
76.6493301
75.7841263
84.1630707
71.8472290
70.2214279
64.5534286
51.3786354
72.9717102
41.6922913
20.2013702
77.0794830
67.9351349
79.9722366
90.5650406
87.8742142
85.7465210
88.5999451
91.5072784
92.8433533
88.7221832
92.5738144
91.9798660
92.5493622
92.0514221
90.0751114
95.6366730
89.4900818
90.7070847
87.8552628
93.5162125
90.0359802
89.9926834
86.4383469
90.6037369
89.6668549
87.6841812
93.0305328
90.5064697
86.7601547
89.8982162
89.7613144
91.8133316
91.2432404
88.1929550
90.5463791
89.8810425
91.9327087
91.5416489
93.2901459
92.5297318
90.4998398
92.8710861
90.2946625
90.3147354
90.8553391
88.0906677
90.5675507
90.2931519
91.7274399
90.9877014
91.0745163
93.7216263
89.9209595
91.0149460
91.5816116
86.4778290
87.9813690
89.3867035
123.8213348
87.8904114
91.5366669
93.4379272
94.1503983
90.5331955
91.1363220
89.6403580
88.9648819
86.5788498
78.1522598
85.9029160
86.4545288
85.0807190
90.4810181
86.2930679
88.3525772
88.9436646
87.3468704
93.8454895
87.4129486
116.3709259
92.8045349
93.1475296
93.8915634
88.6486816
91.4172440
187.1340942
104.0978317
88.5330200
95.3209763
89.2409897
91.9782867
76.2562103
93.0542831
89.4432678
88.8343811
91.0118561
94.4015121
89.2757416
93.4343491
91.5075836
93.4333420
92.2413712
92.7707825
95.2761002
91.5889282
90.5993347
90.7128372
87.6585464
95.5408173
91.0189667
87.1556778
87.8300018
91.3463669
87.4168091
91.4535217
87.6085739
89.8210983
89.1155243
86.8528137
88.9639359
88.8465652
87.2428818
88.8146210
89.3077087
86.1869125
90.2717133
88.9029465
84.0711670
91.7473145
85.7317810
88.0449982
86.0898743
88.0725327
86.7006989
85.8530579
86.5608673
87.6554947
89.7219086
86.5578461
90.2580566
87.6784515
90.3997803
92.4787598
91.4878693
89.8456955
96.5425110
91.0573807
91.7165375
92.0778732
90.0289764
87.8868484
89.2222366
87.6434021
86.1644287
89.4722748
85.8408127
83.1427307
83.2577362
84.0022354
86.1229477
89.4393158
91.0072784
87.9538345
88.4339371
88.5737076
91.3955765
92.0773849
90.7427292
91.1923904
87.7074203
90.7749786
94.7957840
91.8622589
91.8423386
93.2316437
91.5488663
96.5600052
87.8213730
96.4628143
93.0986557
92.6345825
95.7240372
93.2348633
92.5058823
94.4978867
96.0783157
97.9575653
98.2162170
95.6616974
93.8109741
94.1495590
92.3850327
101.2612915
95.0630951
100.0135040
98.8620834
90.0048294
95.4740219
99.8919220
98.0888367
89.9007797
-26.7126255
94.9899445
94.4870377
99.6269226
76.6133728
96.2286835
97.3213043
104.1119843
102.8443985
87.4085388
98.1666870
96.2226944
94.6308517
94.0033340
96.0122070
88.0663681
88.0796661
94.3305969
96.4353333
89.3447647
94.3976440
90.2080688
90.8206635
73.4659348
89.9774628
90.8724670
89.2903976
91.4761734
94.6752167
92.0522614
89.6805115
87.9866943
91.3333054
74.3380356
93.0742950
68.9223633
91.1464920
92.5004349
91.7154846
89.8336487
94.0435867
92.9586563
91.5804291
92.1432877
90.6929626
91.8871460
87.7526398
92.9672623
89.9926300
91.2910233
92.4717102
90.6339264
93.0282288
90.6885605
92.5753555
91.5487900
94.7166824
89.4156494
94.1982346
92.8251953
89.1072693
96.2833252
91.4477844
93.0665665
94.6191864
89.4782562
87.1956024
89.7081528
91.0893326
93.4206390
64.2191925
85.9059677
85.9318085
86.2880020
83.2199707
82.5430908
85.7879639
83.2955704
85.1356125
85.0960617
92.7456055
86.5343781
88.0199356
85.6076508
87.4395294
90.5558853
88.5441208
91.2343445
87.7152405
88.0125046
91.3550491
90.1605072
91.9004822
91.1203079
91.6828918
89.2242432
91.5605164
91.2195206
93.6646652
91.5835342
92.1630783
92.7531662
91.6098099
91.7862778
89.5596542
94.9665222
94.9743118
91.1112213
94.2999420
92.5699692
89.1311111
94.4747009
92.0660782
93.4895859
94.5872192
90.2045212
90.7737122
91.9558487
93.4318695
92.9510040
92.1026840
90.6155243
91.8126450
72.1789780
65.5702057
85.7994690
90.4179077
20.1791992
43.7392044
3.9632456
51.5363579
15.7832861
80.7089844
88.6191559
83.6892700
96.4244156
95.5334015
46.3116112
88.0478287
38.5649605
95.3541031
96.3344879
97.4097519
93.7895355
93.0805740
89.9827805
90.3484726
92.3920059
94.5642319
91.0817795
93.7442780
90.9043579
89.2744370
-93.1642075
90.7363358
86.5698242
85.1789932
88.3354187
89.9872284
81.6078033
83.0060425
-41.6545753
-94.8481827
58.7866516
-88.3663025
-82.7753754
-86.6336060
79.0480728
-85.2562027
90.6213989
82.7160110
90.5036697
89.1970749
94.0009766
82.4065781
92.1016312
84.7234650
76.8480377
-88.8328094
-85.7471695
-87.6027451
-87.2827988
-89.8716125
-86.8528748
-90.8572159
90.8570099
-92.8216705
84.1771393
86.3905258
87.7849655
85.8085938
82.7837830
87.0809402
91.6027985
91.0406342
-29.0957165
90.4116898
90.9306564
91.5577774
90.1557465
92.2541428
91.6396027
91.7897186
92.2237320
91.6527176
86.8872833
90.4924622
89.0626450
92.7309647
99.6794968
93.1111679
94.1092148
91.8840790
88.8501358
73.3538818
89.2962875
85.4353104
87.3420258
82.4787750
87.6255341
55.5882530
95.9607239
37.4501457
87.0793762
63.3470268
83.5220108
93.0871658
95.7130051
81.9911804
95.3538132
100.8365173
94.0713577
-46.2801208
90.6092377
94.4400864
92.5841293
95.0643692
92.7586594
92.7222137
94.4573593
90.2576675
90.4439392
91.6834412
91.8381500
96.9139328
88.9144287
91.8602142
88.4016342
89.1115265
88.2094498
89.0353012
89.9301682
85.7100601
90.5195007
95.1100616
85.3587570
87.5052948
85.5992813
90.6712494
83.7724228
83.5574875
86.9930725
88.3383713
88.5788651
87.3903046
80.9394989
84.4250565
80.7453918
92.9393997
-126.1956253
83.7681503
86.0746918
89.3675690
83.0084610
85.4785690
88.0214310
89.8271484
87.5376282
93.4574890
89.6759491
92.6122360
88.0365753
91.6193619
90.4390640
86.6927643
84.2174454
85.1776657
84.0817566
81.7122269
80.1708374
83.2840576
80.2094879
75.5607376
80.6490021
78.6848984
76.3904190
83.5866013
92.5007095
86.0130234
87.3227615
89.1085129
90.6079178
91.7043610
92.8663712
94.6261826
93.6427155
91.3036041
95.5021439
92.2396088
89.9794464
90.8306961
97.3678894
123.0371780
101.9741669
140.8094940
91.6663513
114.3074570
142.3415680
89.9236069
91.9525909
148.8398285
107.4345703
115.0642242
120.4862061
134.8756561
91.1456833
96.0026703
89.5986557
89.2278366
117.4937515
88.0380325
91.5534210
90.2397537
89.7643280
88.6671906
89.9327469
86.1939774
82.6676025
86.4199982
84.8584213
78.4278641
80.5265732
80.9973679
83.3057480
80.9521027
83.7805252
82.1053848
82.5399323
80.8059769
84.2251816
82.6519165
80.8334427
84.1393127
84.6595001
85.0297012
84.8108826
86.0075455
86.4813080
86.6656342
88.2960968
87.5200806
87.7618942
86.0657654
88.6792374
89.1786880
84.4686050
85.6493683
83.8021393
85.0652084
82.2179337
81.7151642
81.5774460
84.1436996
82.0335693
85.0469818
80.9864655
82.1363754
83.5238113
82.9173203
83.7203140
83.2590179
85.1163406
84.9284973
88.2752228
86.8039017
88.1875076
87.6578369
87.1517944
86.3619919
85.7371445
87.7505875
88.9230652
88.4828873
87.7958374
86.7293701
91.9015121
85.4501648
91.2664337
73.1290512
89.9566193
88.9646072
87.6178207
86.5434189
90.6018066
92.5442123
88.8427353
89.9535751
89.0247269
90.6431961
89.3264847
92.0969696
88.7163162
89.2703323
87.0168228
90.5714951
83.6312180
86.8509750
81.1281891
87.9199142
88.5730286
84.6561508
87.3150635
87.3657150
89.7532959
91.5499954
91.1054306
89.8025208
90.6739883
88.5043869
89.1871872
89.4316711
88.9835434
89.4064713
87.6086121
87.9671936
87.0043564
88.8510208
89.8621750
90.3071747
88.7821121
91.5749969
94.4820251
90.1674957
90.8490601
92.8908691
96.7063522
93.0607986
95.2696152
92.1361847
93.4896851
93.8330078
92.4296875
91.5145187
93.6259689
93.2194977
91.8536987
93.8122253
89.9973679
92.8053894
91.1981049
89.3795700
91.4818192
87.7986832
87.0827255
89.6527710
87.8670120
88.2429886
88.8206253
88.6290207
88.0906296
87.3994904
87.7936935
88.5137329
90.4498901
90.3699188
91.5567703
89.6756592
87.7859192
90.1336670
91.3697128
87.5458450
88.5619812
89.0035019
89.3943481
87.5974045
87.6134796
93.9661179
91.4860077
93.6094894
92.0611038
88.6729279
91.2339554
88.6949768
92.3536682
89.6538239
91.5111465
93.6910172
91.7057648
93.4299850
98.2079926
93.2865906
97.5788574
89.5927200
92.3675003
92.7856674
93.1918411
94.3023682
93.1858978
108.7471008
97.3884964
95.5190811
97.8902893
97.1680603
97.6434479
95.9741211
96.2089462
96.1961212
97.3073502
96.7087479
96.0471954
97.2790451
95.5768051
96.2791519
93.3414459
96.8681412
94.9283447
95.2053757
91.5073013
94.8734131
93.0671234
91.3991547
87.0698242
92.2179794
71.9826965
90.0281906
90.2838287
94.3053741
95.9523697
92.9920120
97.8987122
99.3819199
93.3649139
99.1988602
94.7226028
93.5508270
92.8319397
99.5540848
93.7822113
91.3920212
89.3262329
90.7188568
88.5950165
87.8437805
89.3477859
89.1847610
87.7458191
88.2958755
85.1047058
90.6567535
90.7444534
85.5870056
83.4878464
88.7648468
75.5593033
-106.0470810
89.0965042
56.7082329
85.3788147
86.9436340
85.9342728
84.3931961
83.9978867
84.1288681
83.9137192
89.0299149
81.3770981
84.1733704
85.3337631
86.1846008
86.5865784
86.4746780
85.1848907
86.6312866
86.6269760
82.8003159
87.7973175
87.9872589
87.3930511
86.1860428
93.9765320
92.3598251
88.2729950
90.4110870
84.9308395
82.8406143
88.2354813
83.8936081
81.8590012
79.8367920
82.7969055
79.0853119
77.7272949
79.3070526
73.8347092
76.7961731
67.9164429
82.1847458
82.9800339
81.7875443
82.8953018
82.4149399
78.5103302
90.1380234
84.4851990
82.7797546
82.6838531
82.7015762
88.0070724
73.3438110
74.7287064
70.5848389
75.4329758
72.9573517
-90.7571030
74.5853271
-91.3509521
41.2806702
-92.0756378
69.3526917
-86.9544525
-92.2297058
77.1417084
-90.0973663
78.3540497
75.5211105
82.4580460
80.0034027
-72.1520462
79.4522934
-90.0468292
80.8296890
75.5999146
78.0812531
74.6539078
72.3809662
70.0128784
70.2807388
-100.5136795
77.4761734
74.6584091
77.4253540
73.6775818
75.7829056
81.5285721
80.6853333
77.6956406
72.8148880
77.4994659
77.4488602
73.1585007
71.7205811
71.3224106
61.9580727
72.3375626
67.9603348
68.3245697
65.2239456
66.4553757
66.3037567
66.6603928
70.1182632
65.8204422
66.5707626
63.3211784
66.2689896
64.8291016
67.2151871
63.9429550
65.8936920
65.8548584
68.1291122
64.7799377
65.2280426
63.8616028
57.3756523
62.8103638
59.7466087
65.4483948
60.5834465
62.3400345
61.9901733
64.4987640
65.3957901
65.3259659
65.5535202
65.6264572
72.9960632
63.1035881
66.8441010
67.7179184
68.2365646
67.6989975
68.5749969
65.0703888
66.4440613
66.1321182
69.1376266
69.4393768
67.2377090
66.5079041
68.3381577
69.8714447
71.0492477
69.5086899
67.1087799
67.8903656
64.5189514
70.7839584
68.2881012
63.2306709
67.8929062
67.8267288
67.2618332
65.9725037
62.4875603
68.0367508
67.8972397
64.5516968
65.7638474
70.3184280
64.9011154
70.4488602
66.7449493
70.0695648
63.5726242
67.1700745
64.3899002
63.7907944
58.8252220
58.6923332
60.3283958
61.1703987
59.3607521
60.7500000
58.6759109
62.3621407
61.6273689
60.4611397
59.7740250
61.7648010
60.2993965
65.3351593
64.0828934
62.3211021
64.4337463
58.1140556
64.3348312
61.1006432
60.8037682
39.2035217
61.1337433
-105.6104813
62.9033585
64.9054337
-97.0849228
59.8851929
-56.0635757
65.4804916
54.9956131
63.7681541
58.8881149
63.2650490
62.0675850
62.2727852
65.6821594
61.7745590
64.7562943
59.6047401
60.6820259
62.0624542
60.5813103
63.4750710
63.5667419
61.5915222
60.6810303
63.9857674
65.2962494
63.9144821
62.6893616
65.4748535
62.9337196
61.6174545
64.6034470
66.4598236
67.0226822
64.8582306
66.5571289
62.8779945
65.6767807
64.3652649
69.4817352
68.2567596
67.8940964
64.7132721
55.0137024
-93.2171478
-92.8757095
-96.2221985
-96.0729904
-98.2639236
-94.2164230
-82.1052170
-76.4052963
68.1444244
66.3109436
64.0418243
67.2247086
65.9977722
65.2005081
65.1160507
62.7247200
60.0737343
58.8045883
58.5076141
53.6927719
59.0266151
55.8299561
57.1718178
61.1883888
63.9873810
59.6862526
63.3657265
61.4284096
61.9082794
63.5800438
64.8536224
63.3630486
66.8661118
63.3818703
62.5567780
61.0035858
64.4279785
66.2942429
67.3004379
70.5935211
68.6656570
68.1044922
67.7258835
67.8181152
67.3409119
71.7777786
68.5613785
67.2469559
72.8098145
67.7280426
69.8990707
71.8750381
73.2544479
75.4456787
72.4693146
68.5904465
70.3474579
67.5032272
89.7352905
69.9433365
69.9936218
66.4090652
69.8499069
65.6488647
71.4904175
67.3380432
70.0540924
72.8399353
70.0951233
70.2613678
65.7187881
69.9608383
71.1078796
77.2642212
73.2189865
72.4409409
73.7552948
73.6982193
77.3602371
73.9926682
76.6186447
75.8355865
76.5110092
78.0083618
79.5179825
75.2952805
72.3067245
75.9892426
69.7546616
71.5560455
70.3606720
71.5388412
68.7813873
72.4288177
69.5771866
71.8715134
69.0275803
71.1985474
70.5447159
71.7794876
72.0506363
70.7424164
72.7083511
74.8617630
70.6667633
73.0489960
72.2936096
67.8009033
76.4053497
72.0190277
80.3953629
73.2471237
74.3941116
75.1309662
75.0789948
73.7726059
75.3245697
73.4744949
74.5613327
74.1194229
73.1292114
71.1776428
74.1821899
74.0387115
71.5734863
75.2227478
72.4913406
71.4489746
73.0204239
72.1034851
65.9730988
72.4330292
71.0713120
75.6090546
69.0005951
-100.2947693
70.6383133
71.5794983
71.8048782
71.7856598
72.2712860
73.1453476
71.6789856
74.5117722
70.7755585
74.5696716
70.8378220
72.8633118
73.5172653
72.5147247
71.2988663
72.2155380
69.8391876
71.1593475
72.5814972
67.0781326
69.6825409
70.1745300
68.9154892
68.2214890
67.1544647
71.2306213
66.9202118
68.3241959
69.1124420
67.6582413
68.0946198
71.1477890
68.6676636
68.1389542
69.1289368
70.5860443
74.8386383
69.1288910
69.3111038
74.9141006
68.4964447
67.6145935
72.5600281
70.1681747
71.5468903
71.9753647
74.3880615
73.0283585
73.7387238
70.0732346
72.2218781
70.8704605
71.0053864
71.3435364
72.8479919
72.4408035
76.8117599
74.5880890
75.9125519
77.6602859
94.7899933
74.5761566
73.4760208
70.0944595
66.8592529
66.2017212
67.7405472
66.4338226
63.9843025
65.3589706
67.4692078
67.5490494
65.4247513
70.1391220
68.0745773
69.3287811
69.8323898
72.0098801
68.2951126
71.2689056
67.2444839
71.4971237
73.1381073
75.9157486
71.6538162
70.0034637
72.4049301
71.1450500
73.3262787
72.2563782
73.6711121
75.5872726
74.7800064
75.3113251
72.5687714
73.6684723
75.8799133
78.6599655
74.9617767
77.8558273
72.0247269
72.0987701
73.1696472
73.3874207
74.4690018
75.3332672
69.0891724
71.1290436
72.7072372
72.5199432
74.6454086
74.4706955
76.2413177
74.2355194
73.6462784
74.4356079
79.7546997
70.4479141
69.7255630
69.6508102
70.5761261
70.2031403
67.8841705
68.4328613
73.0753326
68.2420731
69.1409912
69.1087341
70.1296234
72.2154694
44.0332870
69.9341125
71.6062012
71.4817581
68.2717056
70.1779785
69.3499985
71.6687851
71.2571869
69.4504013
71.5286789
70.7091217
71.7228394
70.2093277
76.8064804
77.5408096
82.3567047
82.3040466
76.5887909
81.3244019
79.7633438
81.3665543
85.5574265
79.9388199
77.7775192
79.5017548
80.4454727
77.3440170
77.9226303
77.2314072
79.1556931
74.9822464
75.5942459
75.7121735
74.6244583
77.3280106
78.3023911
76.6456604
77.8407364
67.4611053
76.9534454
80.0741806
76.0772629
79.7200546
1.2268435
81.4609680
83.2724686
81.9291840
83.5101852
79.6749573
89.3182068
80.5492859
83.0927429
77.4890442
77.3401031
74.4087448
74.2166290
76.3982391
74.9814148
73.5066986
73.3430099
73.3813477
70.3075714
69.9827271
70.7415695
73.1048279
66.9652100
73.4914856
73.1760101
75.6707306
-91.6189880
-102.4240875
-90.9810791
61.8902168
-92.0469513
-95.4540176
69.1050568
68.8208542
70.6165848
70.9607925
69.8937607
73.9321823
70.1019135
68.5625992
70.5320816
76.7718658
73.3481064
68.3997040
69.0639648
63.7188988
65.6221695
70.5911484
63.9714203
-98.3667297
-102.2079849
9.5296555
-95.9485016
67.7794418
-94.4729462
-98.4128494
67.4232025
-90.2061691
-95.2524338
-87.6388779
-89.8790817
-91.4382019
74.7751617
74.4401932
51.0454788
73.3488693
84.6094131
71.9964828
95.5086288
69.2710876
71.9539642
73.4776306
70.3015213
-76.5786362
-121.8780136
73.6759109
-95.2486649
-93.2084045
71.5115204
70.8056259
77.1372681
73.1878204
76.4034271
25.1939716
75.8492279
72.5033569
-92.5846634
80.0296173
86.2387085
73.5870743
107.3437805
65.6061096
76.1725769
-89.6364746
63.9135399
76.2786026
89.1154480
79.0734482
70.3716583
-88.7138138
71.1787567
83.8245850
-95.1858063
-81.2259598
72.0862961
72.7526932
72.7759399
70.8620834
-66.2018585
2.1554978
72.7544174
76.9904633
-90.3565903
-88.4165421
-89.8104095
-86.9725189
63.8112183
71.7600479
-90.0708084
72.7067337
-92.2482300
72.4028702
72.4925079
75.1946106
72.5227661
70.7278900
69.1639709
47.4459419
87.1191864
75.6949158
75.0509567
76.3706741
79.3386307
-91.6757507
71.4489746
109.2997284
256.8745117
-84.9583054
-84.4237747
70.0684891
35.6098747
-111.9563599
119.3548889
87.6331253
86.1799316
-92.4263458
-100.0065155
98.0461960
-88.9643631
-89.4085388
-83.6443100
-88.2124100
78.1470642
-88.9167252
77.7761383
75.4338074
72.6339569
-92.2213821
75.7319717
79.3419495
67.6492157
74.4222031
62.5451775
63.1399193
74.8591537
44.7608795
80.6977463
81.7447128
113.5535736
76.1585693
77.3951492
-90.5120926
85.8363724
-86.7534180
75.5899429
-88.3150406
-95.5916595
-96.6471634
-92.1688080
-89.0960922
68.7447357
-95.5666504
73.4749527
-89.4721603
-85.5519867
-87.2611847
-90.0271301
-87.9252319
-88.4085388
-90.6723709
81.7771835
-93.7308731
77.2389908
-88.8281250
-87.3298187
72.9598389
75.4360657
-84.1960983
-88.3213654
79.1568832
-85.1876907
-85.0244446
-85.5351791
-84.0683975
-86.0563660
-78.1576233
-79.8623505
-85.9256592
-82.3490143
-88.6760941
170.8462372
80.5170288
77.4794235
70.8692322
87.1393204
79.7861252
75.6808167
79.9390488
73.1919327
72.1685410
74.3595581
71.9392624
-106.6613312
70.3208008
69.1197662
72.4020004
63.5375862
74.4115677
71.9042969
72.3676529
70.5095215
72.3077164
69.2646408
72.6087265
69.3479309
68.7754517
69.0541229
69.7851334
66.9237442
68.7853851
71.1548691
67.0375214
69.2134781
70.4493408
67.4075317
69.7373810
71.9984741
70.9378815
74.1278000
67.3669968
73.1635208
70.5195236
74.8279190
82.4509506
71.9934387
72.3564682
72.4775925
84.3276978
81.9213638
76.0653610
76.3086319
77.7993851
74.2219315
76.7600555
75.7067032
-84.5683899
76.4514923
74.7191849
76.6570969
69.4084396
71.0746536
69.7401505
68.2809982
67.6498260
67.9484024
69.8075256
67.3623734
67.8236847
68.9591675
66.6716614
66.7852783
63.7144356
66.6661606
63.6872063
65.1669312
64.5905762
65.5008545
66.5434952
65.4089127
67.0709305
67.0448151
69.1127548
67.5718765
64.1752090
66.3196182
68.4544525
73.0673828
67.1553421
67.9533081
71.7396851
75.7833710
75.2344971
73.7215729
71.4453125
70.5587616
72.7989655
70.7196655
76.3905334
74.2178116
69.5863724
70.0143356
72.0432816
73.9770813
69.2385330
-146.9721222
85.7278671
71.1901932
76.1819000
69.1856766
91.0074844
70.6169357
78.4921646
77.3414154
78.1967773
89.9741287
82.7317429
90.5541077
82.2830048
87.4367828
76.2020569
80.7605209
119.6734390
103.7158279
-49.3318634
79.5066833
98.2678375
105.5354309
118.1090622
103.9769897
87.3411713
108.5010834
72.1758423
74.2885818
76.0966721
72.8834457
79.2460938
101.8471909
99.9782715
90.0681381
84.5882874
95.9036255
-133.0398560
168.4086304
158.4585114
115.2052917
119.6650162
91.7566986
109.7266846
89.5581360
77.5893402
96.7133179
108.1278839
147.3655243
97.9819565
100.5820084
88.3258209
128.1303101
90.0114212
95.1219330
98.0516663
100.0426178
82.5874939
83.2213821
84.9595795
129.0454712
102.6941833
96.5839539
77.2698364
135.1280823
105.2617111
120.8454666
97.3552399
135.5094757
110.2613144
124.4411545
100.7392883
124.4517212
82.6015472
104.2748947
98.2055359
114.3275070
91.0155716
85.6264954
97.3346024
97.3955002
147.1475983
106.8364410
123.4861145
83.5117722
95.4416809
123.0651550
81.4378433
107.9003372
108.0635529
125.2698212
136.0919495
136.9281616
119.2187347
130.9048157
114.7211227
84.8177109
78.7030640
78.6983948
105.5032501
137.3751678
155.5064545
149.9564209
136.3478394
151.1875458
155.7125397
142.6844635
152.1917419
153.2876892
147.5041199
154.0482483
149.3061066
152.7641754
150.9958191
151.8223877
137.9425812
117.5546036
137.0957031
134.1715698
109.2229614
159.6538239
127.5967484
142.7255096
135.2716370
144.9239349
131.7973175
148.7638245
95.1296310
132.4500732
80.0219879
87.1747742
82.2389603
84.3995056
82.3595428
86.9213181
88.0062180
86.3943100
113.3025970
82.9433441
85.2902908
-102.8518906
-98.5540314
-95.9131851
93.1165771
88.0036545
87.8941498
87.3565521
95.9233475
81.5807114
94.2215424
90.5907822
96.2458344
87.4514160
90.6929626
-78.7781296
61.7968254
-75.7804489
95.7451782
120.2480545
114.2285614
161.8236847
163.4217224
-161.1617279
172.9753113
164.3119507
171.1853638
148.4751282
148.1396637
175.2196350
152.4366455
161.5803223
-121.9009857
-158.8934021
-162.0019836
-134.3906860
-167.3843994
-149.9881287
-149.3857880
-134.3526917
185.1584167
182.2075500
167.3762512
-132.9762878
175.3282776
-134.5626831
175.0962372
178.4378052
177.7946625
-168.5264130
183.2835846
-154.7087402
-141.2782593
182.9698029
-167.3042450
166.7967987
-172.8841248
176.0548706
171.8455963
171.2423248
171.3152161
163.6033173
173.2445831
160.8753967
168.7875366
150.7667084
99.3969879
139.6242981
173.2854919
170.5333862
138.7455444
98.2577667
100.4825821
102.8356323
100.0107651
84.3453674
26.0223064
7.7295089
5.8358216
-4.4585447
-20.5436249
-6.3658319
-0.6567346
57.0068092
87.2667236
170.5918732
-136.4071960
189.0162506
191.2531738
-145.8533630
-143.1443634
-146.9804230
-150.6157837
-158.0498505
-153.3141479
-152.9173584
-117.7065506
-152.8559875
-167.9236298
170.6061554
174.9086304
168.6186523
167.6500397
185.3562164
160.5632324
183.1726074
169.5195312
166.3935394
176.9667969
-167.9844818
149.2026672
123.5984268
173.3784027
-163.6743011
168.1546478
172.6688538
173.4353180
-165.3899384
185.4613800
-155.4175110
-161.5367737
-150.3157806
180.8921356
173.1365051
183.3471832
-166.4592438
177.4006500
-159.9854736
-158.5072784
-158.5113983
-161.7803040
-163.3673706
-153.5521240
-157.3866882
-158.8219604
-157.5598907
-158.7814789
-164.6418610
-170.4525909
183.7738342
-162.7354584
-159.4052582
-163.9388123
-184.2059326
-152.8336182
-164.9437714
-156.8900299
-170.5019226
-166.4406738
-166.8635559
-165.6474915
-161.8563232
194.4218445
-165.3072510
-162.8557892
-162.9235077
-160.1884613
-164.5521851
-167.7037048
-168.4547272
-166.8949890
-168.4526062
176.3444061
-170.5852051
-173.6092834
-172.6115112
-169.9770813
-168.4228210
177.0737000
180.4525909
-169.4560852
-164.8478699
172.7275543
-180.0679016
-166.1345978
-165.8182678
181.4535522
-167.5701752
-167.8997040
181.9375763
-156.0788879
171.1689453
176.5252075
176.1613770
-166.2500000
162.7945557
172.7637024
163.1077576
-176.4160004
162.6574249
158.3693848
163.5679474
166.0788269
162.3376617
165.2747498
161.3602753
163.9500580
162.7869110
162.7943115
160.6944885
171.6144257
163.6324768
163.5189972
163.8229675
165.2027130
163.3114166
160.6311188
168.7680054
163.1996307
-230.8121948
162.3869934
163.5756683
165.9872131
164.5058289
163.0935364
163.3500519
146.4240417
161.9435730
154.0428009
166.5747223
155.0359955
154.9507446
141.1363983
152.2339325
130.8678436
148.7004242
148.0815887
147.8464813
136.8500824
144.5565338
90.0178452
146.3647461
155.6105194
155.3796692
162.1062469
152.0551605
148.3781128
136.0887146
154.5819855
153.8162689
153.6902313
159.2261353
138.1988678
147.3628387
158.2439423
149.9922180
154.4561310
150.2366791
154.3041687
147.9333344
163.8710175
124.4459915
148.6005402
128.5379181
104.9324341
130.4113617
147.8961487
115.2394257
147.0622559
90.1798782
111.4404373
126.1114731
119.5779877
86.9461365
86.5295181
88.0249786
135.9489136
87.4248123
163.5982819
163.0592346
143.7103424
138.8030243
155.4825439
147.7869873
136.4765167
148.1535492
141.0319214
142.5420990
106.3849869
106.4339828
150.7922516
139.1930389
171.2723389
128.4018097
163.5990601
159.3015289
164.3991699
131.9483795
157.0999908
92.1792221
125.2551041
139.3453979
166.6125488
119.2125092
143.5283966
133.4163055
93.4271545
89.8776016
98.1207809
89.9924393
96.2080460
87.2759705
95.9799194
95.4993668
93.0466156
72.1591263
90.7287292
89.8862686
84.2359467
97.3410721
98.6487656
97.0589676
99.0989151
98.6956329
95.9515533
100.8847809
98.6642914
96.6433563
105.4978409
169.3504791
98.8505554
169.9400024
97.3938141
135.5596161
98.6160660
147.8365326
97.3022842
97.5050430
85.1600342
118.1831589
98.2973175
94.8690186
-154.3265228
175.2510986
110.4982376
112.5211639
89.1784668
126.2399902
97.2262955
104.8927612
91.5219498
96.7562561
167.3058167
175.5388489
166.5737762
97.8445511
96.9112854
95.3831253
89.5371475
103.0648575
98.7036133
92.8179474
96.5450516
91.9285431
95.4961472
92.3162155
91.2085266
89.3023300
89.6841202
89.4468994
93.4124451
92.5087128
98.7533798
98.1650162
81.2132339
99.6931229
106.9150696
97.7453918
113.0414963
8.2174025
139.0355377
101.3476639
96.1988831
94.3712692
89.5554657
92.1776581
92.0919418
94.7843323
92.5769730
95.2271957
122.4784012
94.7499161
94.4002762
93.4551239
94.7443085
92.5095291
93.6567688
92.3850021
89.5877762
92.3677139
91.1947861
93.0389633
91.8391418
93.1581726
92.7502441
91.9690170
95.6906281
95.9973679
96.7122116
94.5559921
96.7640305
95.7872696
124.6774673
95.8066406
90.6556091
94.6225281
94.8594055
92.0113297
94.3649979
94.9237976
98.7215118
152.8793793
101.3453522
108.7401428
99.6798553
97.2324371
97.8610229
94.8135223
96.1719284
98.7619553
96.6918106
94.1075363
96.2238464
98.1019516
91.8340530
110.5727081
97.6395035
141.6879883
100.1853943
91.4694366
91.3613434
92.6059418
96.8540115
96.6156387
97.8323898
81.9655609
101.8709030
59.2374573
175.3836975
100.7039566
108.3705750
111.3572922
188.2819977
188.4474640
183.7464600
186.6067810
184.5608673
154.4124146
171.6517029
176.7227325
177.7833862
179.1044464
169.7608643
179.2123718
174.4207916
179.4205780
175.3375244
176.2808838
179.2739716
180.0699615
171.4562378
175.1400757
172.7551422
170.0367126
160.2852173
163.8054199
173.3169250
176.3850403
97.6252136
115.7772064
99.1716690
99.6572571
98.4695816
96.5570908
106.4055557
153.2875061
111.7277985
170.1543121
168.4292908
174.7902985
179.2983704
166.6271210
169.1451721
128.0152740
175.4955444
104.6146164
105.9799957
104.1450729
113.4166031
138.6626740
157.7787170
174.2506256
159.7511597
173.2393341
173.0027771
168.9739532
163.5399323
166.7478485
177.0697174
178.6762085
165.3647461
173.9807892
146.7494659
133.5481415
106.1499557
179.9157562
138.1573792
153.8988953
170.0330353
177.9228668
168.2287903
170.3639069
175.0761414
184.1837769
-184.1140137
180.9479980
183.1684875
186.1263580
-168.8495636
178.0895233
188.7407532
184.0582581
187.7164764
191.2198334
193.8312073
186.7285919
208.7731934
188.0220795
190.5805206
187.1743622
187.9654388
181.0447388
187.3895264
184.6979218
188.0580597
189.9498138
192.1404572
190.0582275
189.1497650
190.7186890
-171.3873749
181.8837891
182.3356323
-167.2320709
186.0491486
184.9106903
187.8829803
-168.8045654
-169.2311401
-165.8452301
-165.1508789
-165.0581970
-166.7792053
-167.0176392
-158.7695770
-160.7087250
-165.0538635
197.2061005
-161.5689240
-156.4368286
187.7691040
-154.6730957
187.3811340
191.9444275
191.3792267
-167.9009857
192.0122375
194.0662079
-159.9767914
193.3329163
-162.6931305
-169.2696381
193.7465210
-159.9371185
189.6883850
-163.2966003
-163.5151215
190.5989990
191.0271149
188.6879883
-170.1715393
182.9296417
185.4523468
186.8924408
189.5386505
188.1743774
188.7115326
183.9604034
173.0869598
181.5373993
185.8228149
165.6120911
180.0597229
162.6949158
161.5296173
167.2627716
179.0069275
163.3851929
185.6611328
129.3600922
167.9992676
166.9266663
175.3161163
187.1672974
181.3975983
176.1030121
177.7492981
181.4205475
184.7571564
179.3579407
185.9336700
174.7113953
179.4732208
183.7736816
182.3403931
183.8917999
181.8299561
227.1197662
-173.1770935
189.1510773
192.3875275
192.2767944
190.8509979
193.3536682
188.3244476
187.5810394
175.8427429
190.0064545
191.3242645
192.7076569
182.4680634
191.8110046
191.5047150
191.9791412
193.2734680
193.3471222
199.4416504
-165.5517426
-164.1131897
189.5433502
-169.4862213
192.2041473
195.3406982
198.3543549
195.7938232
196.7651825
194.6365814
-161.4653931
-169.6932831
-164.8926239
-165.5435333
-166.4168701
-166.0821228
192.1533813
192.5388489
193.8827972
191.7305145
-171.6720276
185.4319458
189.6822662
192.6162415
182.9784851
190.9959259
195.2425995
-175.6827545
196.1410217
193.7550659
194.8993225
194.9639893
193.7205811
193.6792755
199.3243103
-167.2038879
-166.6555023
-166.8526917
-171.8748016
200.4026794
-169.3994141
-170.5606842
-167.6928711
-176.1774139
197.1529236
200.4460907
-166.5852661
-166.4948273
-168.7910767
-162.8170929
-161.2643585
-167.3518982
-164.7413177
-166.2991180
-159.7211456
-160.8504486
-164.2316589
-159.2196503
-158.6318054
-161.9750519
-157.7740326
-159.7236633
-160.2312012
-154.4389954
-165.7942200
-156.2821198
-161.2246552
-156.2365265
-155.8620300
-167.5591583
-158.2020721
-149.4286194
-156.4576569
-160.8587952
-222.1857300
-153.3130951
-155.0587921
-150.8555450
-152.5876923
-154.6211090
-152.1932220
-147.4848938
-153.8990479
-151.1847229
-141.9126892
-150.4020538
-140.3837280
-149.4050598
-146.1414032
-155.3886261
-144.8975220
-150.6763000
-152.8080597
-153.7086182
-143.7532959
-148.4976959
-152.6118622
-145.1847534
-157.1747742
-142.7916718
-150.5114288
-133.3155670
-148.6752472
-149.0922394
-149.3059998
-141.6281128
-147.0390625
-144.4356384
-133.8044434
-132.3390961
-137.2091522
-135.8922882
-128.5784760
-131.4289246
-137.2573547
-139.0501862
-132.0370483
-133.9689636
-133.5610046
-120.2588120
-120.6445312
-117.4046936
-121.1741028
-107.4948807
-112.7929306
-101.0342255
-96.6826324
-85.2745895
-91.5504303
-83.2073135
-95.8260880
-108.7151108
-99.1470642
-96.9775772
-99.4899521
-107.8944092
-93.8753204
-87.9392319
-94.3561020
-92.4986877
-92.4473114
-93.1016235
-88.6219635
-92.2660217
-91.2327118
-90.7780991
-91.3791351
-91.1230698
-88.5103531
-90.1095734
-98.2673721
-89.5685501
-88.2758636
-86.6594849
-88.1032028
-89.8500519
-89.5073242
-86.5043793
-89.9820938
-77.4507446
-87.5549393
19.6641731
7.8919077
75.1655731
12.5469770
88.2448959
-52.1154861
90.5144653
76.2456207
92.5581589
-78.6522751
90.9902878
94.9569626
93.9175720
92.8649216
93.7931671
89.5148773
82.9741898
84.0936432
-79.8234863
81.9200134
-82.2178116
-81.5687943
78.7323837
-84.7279892
-82.2670441
-82.5358124
-82.7706528
-86.4596710
-86.0308685
-88.7923203
-81.5551605
-97.4789810
-83.6448212
-81.3816528
-83.1695709
-79.4258957
-81.6065674
-82.2850342
-86.1859131
-85.8595886
-85.8710709
-86.3395844
-85.7108002
-85.9862442
-86.6373291
-88.4529190
-88.7584839
-86.5404816
-85.3505096
-84.8161850
-89.6555176
-86.7723236
74.5901184
-85.8249207
-89.4109116
-93.4804535
72.0971909
74.7193604
74.9392853
80.6259918
74.9211807
53.9725685
73.1750107
75.5410690
73.6091309
77.6397095
73.9209137
75.7361145
74.1961136
86.3617706
70.0497742
71.7746353
71.2370987
71.6300964
75.4504776
82.8725891
71.4612427
68.3968658
73.0982895
70.9626312
72.1416626
73.8867645
73.8566437
71.4818192
72.4643097
74.4589615
73.2429428
73.6568909
74.6296005
68.1583176
66.5023956
73.9039307
74.5015945
73.1149826
75.3494186
82.2657852
78.7707825
79.9288177
80.6727982
81.3532867
78.5924911
-86.2079086
78.8102646
78.0604095
87.0196915
73.0646667
92.9327164
92.7647552
-35.5813179
109.5551529
81.6324768
83.9227066
128.5869446
75.9077072
60.9778404
91.5906067
121.3414078
119.6914520
103.7740402
111.4728394
153.6580353
133.3259430
155.5067749
-94.0016556
136.9904785
91.2075653
126.8383560
-89.8159103
103.4252777
100.3994827
91.4235840
-22.7223415
-84.8819046
111.2149734
90.5095825
-80.5104904
-84.6869965
-84.1731186
-81.6154251
-109.7937393
83.0021362
82.8725357
92.7761765
85.0730515
-89.8163528
85.5396118
85.5534821
-79.4824066
-83.2072525
-81.3637924
82.5551834
-91.3545456
-86.9695206
-70.9731827
82.6751404
70.6055069
-85.9878082
75.7014542
80.0898285
79.8227386
82.0425873
73.8782196
86.5454025
119.2666473
78.4559937
-88.5679245
-64.4690628
86.2179794
81.3179321
-89.4608307
-108.0337753
-85.3821487
-93.5691757
60.9185982
-87.9972000
-87.4850922
83.5039139
-87.5783463
-88.5091248
-89.3509369
-93.2654037
-91.1517868
74.3211594
85.5792465
44.2741508
-91.7773972
82.2006760
85.5797272
-88.4916306
78.4628906
-93.4068527
-84.4423904
-90.9465637
-95.3734894
-87.3708420
-89.1232910
-89.3061905
-91.3289566
-88.6034088
-89.8810196
-93.4041061
-98.1367416
-87.9985352
-67.6997604
-89.4630203
-51.4739838
90.3630829
89.0552597
86.0505676
86.4446716
88.0096817
-81.7849655
-78.6437912
-83.0007477
78.9925079
-85.1831818
-81.4288940
76.3599167
-88.4375610
-89.4876022
-84.0129242
-81.0906296
80.4266510
-88.5916595
81.2594757
78.1334839
94.3644180
74.6331940
79.8370819
101.4134140
86.1763687
103.8772354
-95.6230087
157.1301575
154.0453339
170.4665833
161.7685394
116.0993576
168.8038940
154.6797028
151.4927673
173.3306885
159.6771698
163.4553223
162.4627686
162.2236481
135.5063019
147.9488373
142.7519684
170.8760681
148.9120636
146.6860046
109.9406815
103.2156372
151.5148468
74.3621063
67.4447021
66.2415009
74.4014816
72.7067032
71.5191956
70.9817581
73.9112396
72.9370804
71.8516235
34.0529861
72.9392090
70.4620285
67.0070572
67.9126205
66.2752457
66.0323181
67.5623245
63.1907234
65.5031967
-72.9418945
66.7510452
-95.7272644
63.6780281
-96.4035034
-95.9995956
-96.1723404
-96.2048645
-94.9764557
-99.0070419
-92.7868347
-94.9267426
-96.4900742
-93.5870667
-94.1205597
-96.3989334
-95.3733368
-91.3579330
-90.9639511
-95.5194855
72.5028152
-98.3546753
-91.1908340
-96.0183792
-98.4713058
-96.3339005
-98.3547668
-95.3309021
-95.6855164
-93.4890137
-96.1847610
-92.1891785
-92.8896408
-92.4272842
-94.9208527
-95.4601135
-91.8486938
-94.0243073
-95.6747208
-92.4184113
-96.2539062
-92.8430862
-93.0216675
-92.9924774
-95.7688065
-96.0625916
-97.2059784
-96.1511765
-100.4531479
-95.5424576
-96.8331070
-96.2069092
-96.8818512
-92.8530350
-92.3939362
-88.9121170
-93.7103577
-89.6131592
-88.8995667
-89.1509705
-91.9146652
-91.5959015
-90.3647308
-90.3597412
-91.6072693
-91.2242203
-100.1639023
-92.6839218
-91.9570694
-91.6927719
-88.9950562
-76.9705582
-87.0411530
-83.4449005
-85.8147125
-82.1107788
-84.0132828
21.7541847
75.8683624
-91.4289856
-95.1299210
-89.6367416
-94.4298477
-92.5759964
-95.8021164
-93.4912643
-92.4026337
-94.3489227
-93.0364380
-90.6347351
-90.9367676
-94.7851868
-93.8457031
-93.4526215
-94.6162872
-98.0422516
-100.6737442
-99.9885788
-97.1178436
-97.5684280
-101.6075897
-97.3174591
-95.9575958
-96.7212296
-97.7414322
-99.2478180
-100.0081329
-101.9185104
-104.1419525
-103.0999680
-102.6516342
-104.7678299
-102.1408691
-105.0040131
-100.5939178
-101.7557144
-105.7432022
-105.5465240
-103.1274109
-105.9899826
-104.9393616
-107.1737366
-105.3667221
-103.9760742
-101.7379990
-107.5536804
-102.3806000
-106.7972946
-105.5590363
-99.8361130
-104.5121765
-100.3924866
-98.7843628
-104.3970947
-103.9349060
-102.2841415
-104.9818954
-105.9790344
-103.8517761
-106.5284195
-103.1936493
-102.9960861
-105.6474457
-102.3234024
-101.5439758
-104.5676575
-103.9671936
-103.5936050
-102.2821655
-100.4056091
-101.6633835
-101.4657440
-99.2102509
-99.1777573
-92.4690323
-98.0175476
-96.3896637
-96.1969299
-101.4349289
-99.2046127
-101.0207520
-102.2852097
-103.9807663
-101.0604401
-101.0555649
-97.7922363
-93.7111740
-92.3647766
-93.2098160
-94.9660034
-95.3869934
-91.6896515
-94.5027924
-94.3229294
-93.8444519
-96.5877914
-94.0071030
-95.5241928
-95.6071243
-91.4495697
-99.9377899
-99.7463455
-100.9758759
-100.4910126
-102.9903030
-101.6454391
-100.6426086
-100.4333420
-100.4109039
-98.9824295
-98.5235672
-93.4231644
-93.6090393
-93.2152328
-92.9295654
-92.7537613
-91.7627106
-91.0808945
-90.8058472
-90.3943481
-92.4003906
-90.7549210
-91.0305252
-89.4239578
-91.3953629
-90.0936279
-90.2643585
-92.8763199
-86.4666901
-91.7310333
-86.3014145
-89.3186646
-87.8644028
-87.2879944
-86.6693344
-89.7985306
-85.5507126
-85.1913986
-90.0269165
-86.9601746
-67.2574158
-41.8299217
-46.4785118
-11.4806719
30.8542938
-10.2495928
70.4543991
52.3669739
82.7892532
69.4051361
71.8172226
86.3922043
79.3094330
85.5162888
80.7498550
78.8644180
84.1218948
91.6340942
87.1640625
89.0602264
87.1609802
93.0217209
88.6746063
67.6266174
84.1023178
87.4601364
87.6885910
85.7749939
88.5350037
87.6584549
84.3321381
87.4635010
79.5391464
87.2281570
82.7943726
83.1863861
-76.3430405
83.5987930
83.9574661
86.4928665
61.7760887
90.0148544
86.3437881
79.5679398
-80.3372116
-82.5299683
-79.3229446
-78.3889771
-80.7558136
-81.0544434
-75.6387939
-77.1713486
-80.4105988
84.6772308
85.9524002
84.3177948
85.4041901
82.6618958
83.6463928
82.0236588
67.6704865
-65.4082184
-75.8533325
-77.7073822
-69.7958069
-72.8245621
-74.4804535
-80.7810287
-80.5655212
-79.1305084
-82.8923035
-80.1150360
-80.6609039
-80.7945251
-64.3188324
-78.6996460
-78.6886597
-80.1455307
-85.8860245
-84.6850739
-83.5219650
-80.7891769
-84.2605820
-85.4625168
-86.3265533
-86.0681915
-82.6227875
-83.6108704
-88.1483994
-88.3300018
-87.8055573
-87.2170410
-91.2794495
-90.6016846
-91.3617859
-89.2916412
-88.1177292
-88.6198654
-93.7675247
-91.5970688
-87.6870270
-90.2686386
-90.5944443
-90.4124069
-87.5579834
-88.3966751
-93.1059189
-91.1840286
-85.6392593
-87.5747910
-86.6340942
-87.9213028
-83.3816147
-85.2738647
-83.4719772
-85.3452606
-84.7804489
-85.1482773
-87.8543396
-87.2809448
-85.3973083
-82.1340790
-87.8165054
-84.1316452
-85.3837128
-83.8655701
-82.3173676
-81.0457687
-84.7134705
-86.9520721
-83.0425186
-82.0530777
-81.4648972
-83.5051498
-83.1650925
-74.9178925
-71.6511078
74.9478607
55.9763489
88.1194382
-80.8332367
-76.6337814
-83.2368851
-82.6186142
-86.8830719
-83.0433121
-88.0188370
-86.1799698
-87.4960709
-87.8795471
-80.9295273
-87.7852478
-87.4431381
-90.7675247
-84.6324158
-86.4601440
-85.9733353
-87.2802887
-82.9452591
-61.9718819
-87.5914383
-82.5429459
-84.2628860
-14.2063637
-83.5501328
-85.2613297
-86.4660950
-82.1045074
-86.9919586
-83.9877930
-85.3748474
-85.7031631
-87.2188568
-72.2427292
-89.7711563
-85.1290283
-85.1567535
-88.9301376
-89.0004730
-84.4058151
-85.2669220
-85.6518936
-87.1750793
-86.0051575
-88.9651642
-90.9477997
-88.1551590
-89.2201843
-87.6206970
-89.3762054
-88.5878372
-87.7146378
-87.7748260
-87.2511902
-86.9441147
-89.0130234
-86.6413116
-87.5166016
-88.4626846
-72.3721466
-87.6184006
-78.2219620
-89.0869904
-88.3392029
84.1701050
-85.6139603
-81.0201111
-81.5949326
-84.1904144
-85.5420914
-86.8018417
-85.1324692
-87.7482224
-88.7095490
-81.7496796
-81.3254700
38.8810425
82.4951935
96.0779266
-70.5215454
93.6215820
85.4017029
-82.3557434
-87.3475571
65.8922501
-81.7654800
83.0791702
-79.6880875
-88.4527969
-88.6347885
-83.3398972
-88.6161270
-88.0823898
-91.6461411
-68.9750595
-84.1975708
-82.9714890
-80.4195480
-80.4943314
-79.5527115
57.6877060
-64.8476028
85.5014801
10.4622688
75.4916000
-4.1219311
38.7350922
-56.2977524
-102.0591736
72.6641998
-0.4244647
-67.6120453
-4.9081979
-98.8208084
13.6577854
-52.8334656
-9.1733093
-92.1850586
-83.5902863
-99.4738846
31.2284088
100.5803070
80.1179962
40.0458298
98.8300552
74.8830948
35.5074158
74.6627045
44.9646072
102.0400162
91.5580139
100.3682098
67.0214920
97.6176376
92.9359665
97.0046616
66.6459732
87.8677979
94.3778610
84.2114410
95.4258957
96.1379166
96.4419937
93.8433228
91.8342133
91.5437851
92.4014587
84.7456436
-78.6580734
-5.1083345
-82.1468430
86.0915451
-73.0533371
-84.6598587
-36.1396751
-87.8010330
-80.4815674
-84.8871307
-94.1983795
-91.9107437
-90.9964828
-93.0085297
-90.9709473
-85.1451797
-85.1894379
-83.6082916
-78.0140305
-80.0536728
-50.2074623
-76.5266495
-72.3651123
-81.5690918
-87.4826660
-83.7523041
-88.2223587
-83.2805099
-86.6066895
-84.7944260
-82.1242752
-80.7013931
-85.5991898
-84.2794952
-83.8393021
-74.8607483
-86.1693726
83.0467834
-85.4995956
73.1931229
-83.5880280
53.7117844
-25.8270664
-5.1680341
29.7742214
-74.8770828
34.7626419
-87.2258911
63.4767723
-87.7442932
63.4511414
10.0585489
63.8406410
-63.1633682
67.2297516
44.5213699
-83.4313431
-85.7848511
-81.8340073
-84.9198914
-84.4445496
-78.6435547
7.1791534
-84.5307465
57.5282707
31.1030617
46.0315361
45.9326134
12.1467781
-90.3669968
35.2617645
-91.2491302
-79.0780563
-96.0895615
-73.2049789
-71.6391220
-48.7143364
-84.0913315
-61.6213684
-40.9304886
-66.6187820
-33.1599998
-0.9804608
-44.9703560
-70.7335510
-69.1080933
-76.2797470
-90.5431061
14.5698767
-83.3393784
-88.8238754
-8.4027567
-30.0690022
-66.1235428
4.1606002
9.8561745
30.1889973
7.0247636
23.9780121
29.7039928
48.7072639
23.4295330
12.3652916
12.0383921
3.6227441
50.8328094
21.5421810
27.5081615
5.2458282
9.7391710
-85.3420486
-93.2568741
-89.2640457
-83.9590378
-89.8769150
-90.3559341
-79.9828339
-86.2125626
-85.7585297
-85.2326889
-84.3580856
-85.5403214
-80.3999863
-62.6188431
-17.9990253
-0.9541200
-39.9620628
11.6396255
-11.9532061
26.8244534
14.1072063
69.9858017
50.3689842
55.6650124
-3.8243692
-8.2049150
-17.6204472
-85.5785065
-83.1260300
-81.1762619
-83.0823364
-87.5155334
-92.4942474
-84.9582901
-38.0271378
-62.3878822
-22.1486244
45.9635849
-86.3198318
-81.9820633
-79.7046509
-89.4272079
-83.6377869
-87.2820892
-90.0764999
-83.0624924
-87.7226715
-88.0747910
-84.7256393
-89.7481537
-89.3138123
-90.4241028
-89.8077393
-86.3127975
-89.7650146
-92.5838470
-88.2972641
-12.2519789
-86.0165939
-66.7797775
-46.0448341
-78.7136307
-87.6962357
-82.0239944
-88.4302521
-89.6467590
-93.6880569
-87.4497223
-89.5311050
-79.6290894
-90.8204422
-87.6597824
-84.0159531
-88.8340607
-90.7541809
-87.4138107
-90.1869202
-89.7095184
-88.4708557
-88.9831696
-82.7163391
-93.8424301
-91.9328461
-88.7185211
-81.3105316
-55.8650169
-60.9967270
20.9058113
-25.8512077
41.7201920
-11.1602068
6.5697746
2.4692247
-2.7011178
15.4898338
-13.4700565
-20.8786373
-12.3120308
-30.7268047
-67.9183731
-77.1588440
-35.5659065
-64.6844406
-62.0987854
-37.9521446
-53.8882980
-24.3152866
-25.1524982
-81.9851074
-48.6545792
-47.9969978
-58.3976173
-65.8871536
-92.3694000
-26.1422081
-87.5273056
-92.0364456
-93.1395187
-90.0108185
-87.8902512
-91.2774658
-90.0230255
-79.7829285
-68.5413895
-59.9912415
-84.4936218
-26.3653107
-79.2544937
-79.3290253
-89.1183167
-81.1311035
-89.5298004
-72.9655075
-73.2614212
-30.9703789
-29.1017551
-23.8811684
-26.4227123
-27.4807835
-16.9637489
-18.3586254
-9.7032814
-3.3621116
1.5983834
-0.5735254
-5.8993053
-7.8613629
-15.9873924
-2.7135448
-84.1486740
-13.8900299
-39.6475182
-55.9442863
-81.2083130
-89.1799240
-54.0719223
-17.5962105
-82.8833160
-94.4444656
-94.8046646
-97.8905487
-75.7651443
-103.0548706
-89.9826889
-81.0331268
-88.4766235
-66.6260605
-94.7447205
-95.8262787
-95.6603546
-99.0066605
-100.3597565
-100.3701706
-100.5351944
-103.7875443
-103.0209503
-97.7458572
-99.1312637
-100.7824173
-95.4367599
-100.2648010
-83.2518387
-99.8108978
-101.7639923
-96.8127365
-99.5136566
-102.1673203
-95.5219040
-96.1805496
-96.4018173
-95.7262573
-98.0184479
-99.8505173
-99.7073898
-102.1351013
-100.8723602
-102.0362015
-102.7578278
-99.3055801
-100.1526566
-104.6665268
-105.3335800
-101.8166733
-101.3420334
-98.7996368
-98.6258698
-100.3734818
-95.9616165
-97.7738953
-100.9109955
-99.1651230
-102.3035965
-99.2149811
-101.5597839
-104.0622940
-107.4926376
-103.9013672
-107.9001923
-108.0004883
-101.8867111
-101.2562943
-104.7775116
-102.6125793
-102.2107697
-98.8175049
-103.1913834
-107.7305374
-102.7709427
-105.5666733
-104.6574783
-105.6320877
-104.6207886
-101.6879730
-103.6071243
-99.3750687
-100.5051651
-95.0343399
-101.9293442
-104.3843536
-100.7979965
-101.2191086
-104.7577515
-102.6670609
-101.0218353
-98.7775040
-104.1438828
-101.1952286
-99.9618454
-95.5926208
-99.1245728
-102.5367661
-102.7459259
-105.3679504
-104.8397980
-106.7368622
-102.0056610
-100.1803589
-102.3402100
-96.1629486
-98.6196060
-96.0496521
-100.1110611
-96.7181091
-100.2596817
-100.5749359
-103.4083633
-100.2541962
-102.5333176
-107.5759430
-101.8306198
-102.9800568
-102.0328979
-102.2028427
-102.7840347
-103.9617004
-101.9073715
-102.5271683
-106.8996735
-104.9315948
-101.9385605
-107.8191452
-103.2975159
-104.4512024
-101.6673355
-105.4899292
-102.0825729
-101.5549393
-98.2422791
-105.1648712
-102.9187698
-107.8494263
-107.4804153
-101.8435974
-102.5111008
-101.8492508
-105.2874146
-105.5430756
-105.9971466
-104.3152237
-105.5854721
-106.8630142
-103.9458923
-102.7039642
-96.8975677
-104.3503647
-98.9770737
-98.6518173
-96.0480270
-96.9151993
-97.1868439
-98.5520782
-101.4391251
-99.4914169
-100.7860413
-101.0710220
-96.6250076
-102.5005417
-98.0884705
-102.5446243
-101.8768997
-101.0783234
-98.1083755
-103.3027191
-99.4966888
-97.4678268
-101.9947433
-98.4674835
-94.5282288
-93.0637741
-94.2700424
-95.5702362
-93.1567535
-96.1307297
-98.6239853
-97.3612137
-100.6253128
-105.2273331
-101.9628220
-101.1471786
-99.1902008
-97.8342209
-101.2146988
-97.4285660
-94.8898926
-94.4316330
-96.8063583
-95.8536530
-96.3608856
-93.4546585
-96.6369171
-89.1589584
-80.4634399
-94.4410019
-91.9540329
-89.7272720
-91.5695496
-89.3819504
-93.3709946
-92.5148315
-93.6067963
-92.5546188
-90.6685867
-94.1497269
-91.6097641
-94.6124496
-101.7365036
-89.6928940
-89.3693619
-91.4697876
-88.9173889
-86.7140884
-92.8067245
-88.4685898
-86.6732407
-93.0687027
-89.4546738
-72.8072586
-81.3999710
9.1445999
53.8946915
-88.6267090
-96.2463684
-98.4372787
-63.0194359
-78.3796997
-98.6819687
-99.8634872
-101.1036987
-95.0167694
-96.1841049
-100.1910095
-94.1575317
-94.5817795
-99.2713318
-100.4046555
-95.4362335
-92.6552353
-95.0325546
-94.0848541
-97.6984787
-94.7847519
-101.7215881
-102.4900284
-98.1206589
-104.1380692
-106.2421646
-104.8657913
-105.6233521
-110.2426910
-111.0573654
-109.9411774
-110.5510788
-104.3624878
-107.0559692
-105.7076645
-106.4459763
-107.1119308
-108.4310913
-109.0426102
-104.4451752
-107.3318634
-107.9924469
-106.3666229
-104.6402817
-103.8032608
-103.1820450
-106.8153152
-102.0079422
-96.0935822
-101.4817963
-109.1219101
-101.7184906
-103.9789886
-97.3990555
-106.8028412
-100.6872177
-108.7234192
-106.9041595
-105.0678177
-100.6934204
-98.0758514
-102.5442276
-98.5068054
-103.7458649
-99.2272873
-98.5971527
-96.0420761
-99.9483795
-97.4377899
-96.7886124
-96.6363525
-99.2605057
-99.3859940
-105.0072632
-105.5738144
-106.9968109
-108.7583160
-108.9800110
-104.7960587
-108.3765182
-107.2549744
-109.2527466
-110.1992798
-107.7118607
-101.4387054
-106.3225250
-99.3964462
-102.0512085
-95.5304794
-104.2951584
-102.3767319
-103.6927872
-104.2697525
-100.4359741
-101.3662109
-104.7752380
-100.2009735
-103.9797974
-103.8147659
-94.3022842
-101.0292053
-99.8809280
-89.9228058
-100.0118866
-89.4605026
-97.1747971
-100.9990234
-95.5286102
-95.7373505
-96.3706207
-87.0389633
-86.1341324
-88.4439163
-83.2419357
-74.3352661
-72.4190903
-61.3814735
-63.8304253
-65.9025879
-53.7045250
-53.3434105
-54.0039749
-69.6093597
-66.1299515
-93.5939713
-80.6496658
-80.3453369
-102.8967056
-103.4293747
-105.4131165
-84.5200043
-107.1430740
-97.7725296
-104.7585144
-104.8337631
-103.5512390
-90.9153290
-99.7961578
-104.4924622
-102.3360748
-102.6604309
-100.4811554
-107.7221527
-106.7734299
-96.2315140
-100.9360657
-103.6746216
-106.1910324
-108.6791687
-105.5337677
-104.6860657
-104.7616425
-103.3794098
-98.2373734
-108.0170822
-105.8047256
-107.9322433
-105.6293106
-101.3987350
-97.8791885
-101.2976913
-101.4796448
-98.2539673
-96.3996048
-100.6862411
-92.7315674
-99.8973236
-97.0855789
-100.8153763
-102.6580276
-102.2958527
-98.9496994
-101.8003693
-100.8184433
-93.1175232
-88.6064987
-86.8915024
-93.3223419
-96.3182602
-93.7054825
-96.6317444
-95.0399399
-93.7705917
-99.6028824
-86.1584549
-96.5269470
-95.8551712
-84.0272903
-80.1056671
-88.9389038
-89.7249374
-90.8989563
-49.8516655
-78.3197021
-64.7910461
-77.6074295
-79.0993271
-53.1697083
-61.7167969
-60.7080841
-73.1752777
-54.3632240
-58.9004402
-46.2709770
-22.6424446
-37.2372627
-28.7762318
-18.0527534
-20.6647663
-25.7078724
-31.0337029
-28.1154480
0.4548253
-41.3423157
-62.3996658
-40.3129425
-82.8004990
-80.1410294
-64.6766586
-42.2273445
-48.1156197
-41.6465950
-41.8340836
-21.6926365
-34.1693306
-36.6546860
-34.7782822
-35.1138802
-36.1448975
-57.3205376
-38.7665901
-60.2943382
-8.6578255
-48.7539597
-23.8953991
-21.6396217
15.4792709
-9.9925747
-48.3947678
-8.3575649
-10.7190037
-11.6265478
-6.8034248
-9.3280811
-31.1029491
-29.7645836
-45.5806084
-26.9521084
-54.6873055
-37.7693710
-48.8554077
-20.3020897
-33.5310898
-18.8798790
-25.5835800
-19.7939587
-5.6351457
-19.9273777
-26.0323944
-23.3156319
-13.6953278
-13.2381105
-13.7200794
-9.6153860
-17.6879387
-11.9666834
-10.7513790
-9.5785704
-9.3778095
-9.0534468
-9.2574892
-11.9580517
-8.1054840
-14.5997238
-17.0152931
-27.8737259
-30.6523685
-32.8871193
-47.9245110
-28.6662121
-42.9206696
-39.0577049
-21.1544800
-38.9560356
-31.1494884
-35.6766396
-57.1962776
-55.2444229
-61.4141197
-61.7951431
-74.0122299
-66.3447876
-62.5087624
-51.8117905
-53.7383690
-68.8520126
-58.5012360
-44.6768494
-54.0957146
-39.0645752
-40.1693687
-44.2317543
-31.5312042
-56.0590248
-34.1195717
-61.7476616
-41.9871445
-51.8140945
-64.8436966
-48.4741478
-69.9003754
-37.2149811
-59.3476067
-26.2489128
-48.4664383
-46.8651886
-60.3361626
-48.3815002
-45.0463181
-50.8678970
-58.9062729
-58.9657402
-57.4688416
-61.0782623
-53.1632652
-38.5177422
-32.0451012
-1.4338812
-8.7388563
35.1804352
47.8376236
42.0617981
35.0012894
54.5215836
69.9811096
64.7868805
59.2976303
68.8234482
59.4359093
54.4530067
52.6364555
51.6932564
40.7658272
55.1198654
33.2659874
35.8715706
46.9587326
31.4953003
42.8514900
40.1454391
21.1346035
36.6669769
19.1564007
25.7343502
15.6844053
16.4893417
21.3242874
31.4933109
13.7599688
21.2256603
7.7281051
9.5494652
7.8063002
21.7267227
29.1777763
43.9064178
8.8448944
21.1457157
18.0879841
16.9688568
6.0107083
20.6488857
-5.8264256
9.3260412
35.9719505
10.4562788
32.2459221
-1.4447256
40.1308060
29.0524712
10.7062817
8.9892282
-0.7944160
-7.2193871
13.5823259
0.3154774
25.0827522
2.2514336
28.4230461
10.6709652
4.1260123
8.6368999
-7.7537622
-9.3109074
-1.4739320
-12.5205355
-15.6940966
-5.8634477
4.1721902
1.9748819
36.8217964
13.3102741
31.7881737
59.0543747
21.3919754
32.7038193
21.9106808
12.1621161
17.4379768
13.1030149
2.7243659
5.4266281
3.0573311
0.5312901
0.2789393
3.0443687
3.9563806
2.4772944
39.8124237
55.7091522
91.1988144
82.7201462
79.7427826
79.1191864
84.2250443
64.0843735
34.4114532
20.4558105
8.7608376
12.1454058
10.7044916
13.5687771
8.0682917
-0.8358842
2.5038574
-4.1387939
1.6353381
1.1614769
-0.9258843
3.9864428
9.8256769
-2.7895584
-0.4230745
-3.7500222
-5.5815763
-3.0269105
-7.5152431
-0.0406079
-4.8459759
-16.6282406
-16.4847088
-19.9829941
-9.8571568
-16.0445518
-18.0411358
-22.3211021
-26.5277443
-18.2249432
-22.5779343
-18.0878391
-25.7533894
-13.7997780
-21.6327972
-23.0489941
-25.8456230
-19.6601868
-20.3266926
-25.2607231
-24.4338875
-19.6572590
-20.4611645
-17.4998264
-21.4367714
-39.5113792
-6.5650015
-25.8696880
-17.1045666
-20.0933762
-27.6967869
-14.3705254
-12.8750172
-7.4112196
-16.4562206
-14.3980513
-17.3517895
-12.9767628
-14.9262190
15.5980511
-10.5864792
8.4230986
2.3854971
15.6651001
-1.5199819
-10.3955584
-2.7585676
-2.3893902
-17.6001606
-10.5292568
-6.3507004
-6.8453822
2.9657753
7.8924236
37.4303169
14.4343748
15.2796497
-1.8596363
5.8680649
16.9285908
19.3274670
36.2430573
27.0005112
30.8254013
56.7346153
62.1463432
49.1586800
42.4238968
54.1461182
59.4449234
34.8983650
33.3687706
52.1722450
30.1798954
52.9928398
53.8329468
68.0973282
74.6123810
63.8277397
86.8585968
86.8144608
77.8640442
71.2412262
65.9946060
61.0247040
57.5774384
12.9846382
42.0971947
24.7927837
27.2585087
18.9430027
2.4716208
4.6781664
9.2200136
2.8249233
-1.3312451
-1.6837274
18.6508751
11.1255827
4.7168131
15.0053921
12.5512342
18.8568077
8.9669323
0.2022625
5.1344404
4.3128366
17.9075260
-1.0102353
3.5550280
2.8272374
-1.0637265
-4.2404637
-8.7261314
-7.1489668
1.7641597
-6.4991355
-9.6876078
-1.5114808
-11.6674013
-4.1648655
-9.7635565
-3.1896861
-4.4845710
-10.1628151
-7.0319548
-4.7025967
-5.1969318
-0.5557364
-51.5720787
-1.4682481
-3.4300191
4.5603604
-5.5246210
0.3837481
-0.3461648
-2.8379927
-1.7818756
0.0044607
4.9540467
8.9206085
9.4921532
-7.2609849
-6.4649215
-2.6036520
2.4957857
0.7581302
-7.3608723
-12.4350128
-3.5500851
-8.2923460
-1.0289327
-7.4969983
-7.1954126
-9.4239836
-5.5614500
-14.6653414
-10.8552475
-33.0845528
-4.3541079
-9.9300900
-9.5163231
-6.2346334
7.6030216
-10.6255093
-9.8797550
4.0911498
-20.8003864
0.8694047
-8.0207243
-7.7787390
-15.4171782
-20.9947624
-15.5311117
-18.6621227
11.7038536
-11.9503498
-18.4558563
-13.1531162
-17.0342636
-3.4467638
-13.1269312
-11.7725220
-12.3201151
-12.6427660
-19.6215820
-22.2201233
-12.2382412
-12.9286118
-18.9490833
-18.3598652
-21.4554787
-21.0763187
-19.4735661
-14.9385071
-24.0516167
-24.1532898
-20.9767303
-21.9767475
-15.0260954
-20.4886875
-21.6880741
-15.2815542
-13.9973507
-19.3361301
-9.9036093
-21.6873894
-20.2420883
-19.2661324
-24.0277920
-32.8347130
-31.1063194
-32.8283958
-21.7052250
-31.8712978
-26.9848270
-35.8301964
-22.2241955
-40.4159126
-37.3949890
-39.3045502
-36.9592857
-43.1747017
-52.6957703
-42.8128777
-34.1307831
-25.3944550
-24.6852856
-26.2806530
-10.7877102
-19.5731850
-21.6108074
-25.3049088
-26.1905899
-24.4755287
-20.1989689
-16.6537304
-11.8604813
-24.0087643
-13.7928238
-14.7859879
-16.4189205
-20.4551258
-0.6207811
-5.7874928
-1.3668778
-7.1872444
-1.0494307
-0.2796913
-14.3012209
-12.8496437
-13.2374554
-13.5536509
-18.2802849
-11.0345621
-2.6480002
-8.6993608
-7.8024693
-9.9615755
0.1641182
8.9758024
7.2817645
1.4343979
4.7412128
4.0518575
12.4900188
-2.7715774
-6.7381206
-9.2354412
-7.7436543
-9.3935108
-4.3635154
-8.0266705
-19.9769726
-22.0985947
-16.5498676
-21.3845310
-19.4100647
-20.0903950
-10.1395912
-8.2259016
-14.6317682
-6.5991526
-15.4445314
-10.0862188
-17.0889988
-19.7241611
-21.2732296
-17.7342720
-19.8046188
-15.6501980
-5.9338393
-18.3832664
-16.2564659
-13.6896563
-15.1623335
-6.7644696
-16.6495876
-4.0307536
-8.8159513
3.2479427
-1.7056446
5.8184757
15.6468153
7.5894661
14.1915579
17.9581509
15.7976274
18.3601799
22.2514191
15.7761106
-8.5126295
10.8297319
-8.5118742
-4.3505607
0.5811266
16.5696735
3.7343037
-3.3555541
11.0619059
12.6212568
14.2350788
24.1227894
21.6577797
25.6577225
8.6838207
24.9786282
24.8233299
41.1034012
26.8137875
4.0990634
12.7251263
-2.0768063
7.3386555
-5.4555602
-4.8520360
-5.6695375
-8.1693954
-12.3798847
-8.2747860
-8.9927893
-11.8414536
-5.7269921
-10.8589611
-4.0224824
-5.6323013
-6.0252581
-7.1617470
-13.3540440
-16.7429733
-16.9306259
-17.9942017
-12.2497053
-15.7941217
-10.4033356
-10.1037855
-19.2662029
-14.4397144
-12.9390411
-13.6816368
-20.0391102
-12.7338810
-21.5928230
-19.4562950
-21.2938385
-14.6489477
-20.9240170
-5.3828921
-13.8423309
2.2986879
3.8236630
0.6789531
6.1435180
13.4077997
33.6082001
12.5085068
19.5057354
20.6588230
8.0019741
10.1343784
-0.8603982
-4.7226391
-6.8331904
-4.9366679
-2.6597269
11.2577057
11.7794809
39.7621384
9.7670317
31.8562775
17.9712868
18.3525372
29.4633312
26.1251297
13.4599848
16.4809856
25.0017700
23.3512421
19.1208134
45.7170868
20.8915577
22.4034328
24.0758343
35.1473618
25.5606117
25.5243301
19.6471443
16.1188793
34.1638756
31.0421677
43.2161522
31.8295517
19.6206551
21.9820881
32.0212517
28.2307415
22.8411579
18.6799297
24.4307461
19.5369167
27.4228745
13.2812185
9.2266397
19.9694347
10.4896450
14.9694700
22.9263306
4.6341796
22.6392651
24.3650894
26.3141785
40.5994949
8.2034273
11.2617798
16.2647228
18.2178459
20.2599545
20.2905483
10.7772255
2.2852833
17.7201157
11.9830647
9.3489494
14.6258669
1.3245136
0.7985327
0.5661151
5.4643316
-1.9363991
3.4449141
4.3245716
-4.2567239
6.8430066
4.0656805
11.1236992
-1.8220929
1.3387579
-2.4241703
5.1776018
5.7050219
9.3441267
15.2473269
2.2196398
6.7115417
15.4853582
8.9433146
7.7628589
-1.7943525
22.0459518
9.3138351
16.0105953
10.6921949
9.1839619
32.3907051
14.4101315
16.6882381
23.2690315
7.3127961
16.7373352
3.2464418
3.5629144
18.2886829
1.6684101
9.4836302
1.1322699
-4.3894854
3.6940103
4.3432117
13.0664310
10.0583048
8.6966105
15.4454288
13.7161388
41.8640327
18.6292591
16.5425797
22.0299129
19.4430580
21.9314537
35.2904243
16.9981842
31.9092388
21.0974102
16.8083839
24.3594475
25.1223125
27.5412331
38.9683800
32.4004135
13.4642248
33.8767433
58.5934715
35.4745789
48.2380600
43.0637589
41.2841530
27.0540485
27.8550816
43.1590462
41.3211021
64.7338181
57.9443283
71.4037628
76.7783813
83.0722351
73.2130203
71.2712631
64.3233185
67.6218796
55.0825233
45.4845123
63.8993149
68.9732208
61.8003693
67.6042786
65.4163437
64.8700027
60.9829178
63.2316971
57.3602753
54.8694992
67.5571213
63.4883461
48.9638977
60.9359093
70.0205154
72.7489624
66.0302963
69.6128998
66.7351227
67.5148392
64.8949127
43.8805923
54.1255417
50.5195656
45.1330528
46.9505043
40.0695686
55.3369560
44.5908928
60.2608490
49.7742729
58.3999329
60.1907883
58.8993645
55.6835632
57.9695892
55.2307014
55.7316742
65.2272568
67.1900024
67.4651031
69.4938583
66.6478119
66.8874435
72.9836121
67.4720840
59.2215652
66.2724762
69.1302490
63.5853500
65.3152237
69.5099258
64.2986450
63.8625412
53.8490944
50.7748985
57.0257454
56.1199417
56.3775635
56.1032562
60.9649467
55.4591141
61.8473282
61.0653572
63.8674507
56.8525314
58.9508324
60.9894066
69.8948669
74.2565918
75.4099884
70.2644424
78.6468658
71.6935501
72.7614212
71.8902054
71.1637573
73.3056793
73.1207123
65.7030563
59.5998802
67.6703033
65.5414886
65.6789169
66.5354080
67.6325836
65.8111801
64.5333023
68.3596420
65.9141998
66.3661041
69.1837158
54.7009163
60.9180870
67.3151627
62.5545921
67.9860840
63.6041641
74.4643097
67.9175034
73.4041595
73.9783401
68.3712463
66.6915436
67.6715088
71.1752625
67.2129822
73.6192474
78.0559540
76.1240845
72.4178391
79.8288269
68.0560837
80.0433578
80.5768509
77.1506348
82.0930252
76.0175323
82.6164627
80.2087631
84.1355438
75.2812881
73.6104965
78.6280289
75.1016083
76.7683868
70.4211426
63.8587723
65.3685913
55.0902023
58.9567795
52.6569748
69.2685699
43.7608490
62.5555840
49.7562256
60.9658356
64.3529053
68.4454422
72.9086380
79.0530853
75.1990891
73.7136383
76.6146088
72.8021469
78.8406067
78.8312225
78.8617020
71.8199158
74.6563416
76.8934326
79.8088379
68.4313812
57.8934746
66.2174759
62.8436737
68.5966492
73.5040131
63.4709053
63.1290245
64.0970306
62.7850990
80.7066574
75.0060120
78.5521469
74.6609268
66.6482697
75.1577988
74.4799118
81.8994980
79.3579483
81.7343445
82.2610550
85.4847107
83.8193512
77.4015656
83.5219040
86.5769043
79.4759598
71.4390793
87.0709076
87.8691940
93.4056473
92.1373215
96.4649200
92.0859375
86.2724457
86.7005844
81.5730438
81.5382080
84.7049103
83.1629944
93.3998871
92.3393173
92.7862396
91.6521835
99.5417862
89.8768234
86.2708130
91.5368500
92.0541000
93.8951035
99.1693802
97.4539413
93.0036697
95.3853607
94.0342407
88.8127136
93.4368820
92.2737732
91.2238464
88.6588364
89.0521545
87.6111526
87.8341446
89.0668030
92.3093796
93.5469513
94.7059860
94.2290955
93.4575729
92.5594025
96.6839752
94.7715073
93.4733734
87.6103516
93.5511322
93.2168198
94.0626221
98.4542313
92.8600845
91.5471191
101.4598465
95.0353241
90.8884659
94.6996841
90.8501740
93.0875092
93.3125305
92.7700958
93.3077316
96.4283600
93.8044586
95.2416153
93.1330414
89.8917007
88.9730530
137.2618256
91.5674133
94.0706024
91.9992676
91.9880829
68.4660110
94.7045975
91.9215775
97.5715485
94.8482971
92.1296921
95.0679321
92.0241852
93.7739105
91.6179428
96.5053635
93.4455566
93.8162155
93.7061996
96.7442551
93.8769531
94.6689224
93.1837463
89.8872070
90.3044739
90.5780640
94.7076416
99.3245926
92.4335632
92.6575851
92.8535385
89.7467957
90.5971451
93.0846176
92.0213089
92.1086197
92.4634857
94.3900681
90.2091446
92.4647903
90.7648773
90.3774033
91.9551239
94.2912903
90.4955368
89.0206528
90.7242508
88.4321060
90.3537445
92.2618637
88.9602585
92.3764954
90.4662781
88.7987976
89.4454803
90.1717377
80.5507965
90.8511734
87.7702560
90.2704391
92.5255737
90.8014069
88.7945328
90.0982513
90.6048126
93.1216202
90.5668640
91.3170624
89.1132736
91.5040970
92.6095734
92.2060089
92.2717209
89.1167908
93.8067856
90.9034042
90.9793320
96.4671783
94.0187531
93.3030167
90.6054840
90.9116440
91.3783569
91.3684464
91.1703415
95.7754059
93.8827515
90.9545898
94.4235535
93.5034409
94.2098846
87.3169327
97.9589157
98.3974457
95.1873474
97.5135727
93.6845093
95.8777466
91.4238205
96.1300507
97.3427505
95.6656036
92.4603043
91.5876236
99.4121933
95.0400391
91.2662277
94.1777573
91.3741455
95.7119064
90.5647659
96.0567780
95.3958130
93.4861832
92.4324493
98.4929810
88.4453354
92.9188538
97.2495270
96.4987564
98.1179962
97.3545074
96.5626678
100.3448410
97.2138138
98.1422424
95.4107208
93.0213470
95.8865662
97.0752945
97.4558411
97.0771790
97.8038101
96.3095245
94.7019424
93.5701675
94.8134384
96.1651382
96.4266129
94.7586136
95.1690292
95.0064621
94.8793564
90.8982162
100.2897339
93.8627701
97.0443420
99.0343094
94.8379822
94.4228821
94.2381897
94.8494339
98.2243958
97.2004623
95.7048340
95.6565018
95.9015808
94.8648529
94.8439713
94.1997223
96.5870819
93.5632095
96.1947250
92.9043427
87.4870758
90.4923859
71.0658722
84.0701370
99.2519760
91.3707657
94.0286179
90.2685776
83.8807526
90.2259750
94.5404434
84.4724045
92.4355927
92.4451904
89.4708939
88.1470718
90.6376038
91.2485886
89.1017990
91.7907257
44.2034760
88.6028671
56.3094330
61.6654701
29.7026978
92.3410263
30.5850086
67.7521057
87.4480438
92.2669296
92.3164597
87.1191940
87.2624588
82.4565353
94.4514389
