150.2116016 257.3336584
160.9991255 263.8677935
124.6966931 236.8778180
156.2158414 260.8100345
154.1697766 272.4547218
157.9896917 257.4596428
148.7572855 261.8289884
130.9904479 256.2877654
151.6328306 254.9594675
121.1804073 241.0458548
135.7215933 267.1948205
131.3989604 262.4962939
154.4122087 266.3444028
149.0582684 246.9351827
140.1679372 257.1402255
72.6510063 261.3801362
131.1749348 254.8875781
145.9048605 272.1348558
133.3707142 260.2430894
128.6928531 271.4909770
136.8797980 232.1601044
141.8939806 255.5990447
90.7433952 270.2973285
136.0124249 273.9526699
156.5233153 269.7996733
173.0358601 264.6969817
12.0564841 305.0768729
123.8876864 211.2816702
-80.7394340 234.5429914
139.4348872 236.8891136
-85.4797695 224.3391091
-82.2979091 237.6090441
-96.5214173 187.6137857
-94.8763602 190.6372092
20.3440463 245.2429816
-91.8600799 203.4462382
-81.2237913 249.1174108
-96.1950760 207.7198809
-36.1965683 266.1688417
-72.9205150 265.1308247
-2.9832107 287.4297782
52.9840760 262.8101562
156.6659069 261.5536548
178.2418106 276.1722353
180.3770379 273.0595767
183.1412878 282.1847004
182.4058547 278.5763363
184.4822547 286.1196770
187.0779753 289.7268962
190.6245964 296.2262162
186.9001637 292.3445919
189.2221294 297.7358622
186.4515991 290.5214549
190.2673800 301.6509400
188.0921402 291.0662421
188.5389931 297.1767157
186.4340747 289.6693351
190.9246181 301.2991679
186.1330523 298.7181132
192.8989921 304.3710386
191.2146729 303.6343813
187.9414512 302.4795402
191.0872095 305.0974216
182.8062962 304.9563352
187.0937881 300.2927166
185.6581551 308.4110176
171.3783213 305.6996460
170.3409310 293.4545602
150.5168372 280.7710822
114.0368170 296.5746151
-33.8640662 305.8991290
-64.7815022 305.2759845
-56.2839629 309.9989591
-58.2076990 316.3992493
-12.1616067 313.4079641
-27.3453182 317.0483891
-41.8066008 307.5075881
-53.8775218 306.3953607
-65.1301933 268.0375015
-63.8856502 266.4722750
-73.1406367 278.2194579
-78.4025442 280.4865885
-35.7213584 768.9241220
-78.9429836 281.6217475
-77.6060456 284.7843542
-69.1287890 278.8577663
-8.9576293 292.4200401
-5.6402995 305.7888037
130.9625484 275.5869078
154.2635211 203.3933038
117.0156522 221.4846396
125.9716703 213.2718889
-72.4670262 288.7153076
-79.9673260 267.2460374
-84.7642637 243.4913471
-89.1772244 229.1695154
-94.7792386 204.6323666
-95.3134437 189.5022513
-99.9385472 182.6930457
-99.3473121 185.8729516
-103.6072599 166.8632700
-103.3600287 171.5967045
-107.2616608 158.2462151
-106.4566040 145.8632768
-108.8380027 147.6979260
-108.3786483 130.7767036
-105.4940118 151.5307627
-68.2306790 54.2093557
-79.6099714 124.8233700
49.7710805 -20.2338436
74.7574190 14.5646566
78.5288886 -35.9975711
84.9602515 -5.5732002
80.2007787 3.1197210
69.0609757 19.4125682
72.5997694 -30.5010469
73.6344409 -25.4146623
73.0503155 -21.3032078
62.1075734 -54.0964541
66.9962213 -50.7156261
58.7572890 -108.4614489
54.1326298 -58.7146235
68.4389050 -49.0716671
61.1044815 -8.2334502
14.8777344 120.1522932
-67.1226249 242.6227482
-56.0764085 271.5351999
-60.6253315 279.4217715
-56.8887594 273.7609237
-54.8052397 289.9834141
-63.8218065 264.7083392
-40.0140707 280.7799021
-34.5943381 279.3232988
80.0794705 264.8514990
-54.9081051 283.5231798
-42.1659963 283.5690430
-52.2293805 281.9408707
-61.9072671 288.3904283
-67.3317330 279.0716395
-42.1262832 299.1735261
-51.7200829 296.7058604
138.1787511 237.4142496
-63.6144167 276.6528388
139.5233783 264.7224199
149.6193921 286.0735353
22.9236776 262.8573810
-55.5677461 270.3391995
-71.3039170 245.9531484
-45.2528745 269.4641482
-69.3701547 270.5052909
-62.2886371 268.9456658
-33.5590314 253.0287749
-21.2298738 234.4742122
-75.0185737 229.8697019
72.2234816 146.9516752
-83.6940826 190.0538004
-87.1301655 205.7645547
-87.3625056 194.5795356
-96.4371065 165.2590660
-93.8558360 189.2438302
-99.9153745 163.0269982
-95.7630089 182.7809345
-84.9452879 170.7819221
-58.8151815 238.0895394
-46.7528911 19.5292627
-28.4398867 56.0888236
8.9925342 -129.3700330
70.2488706 -98.2421628
44.6408398 -144.4925044
57.8310754 -172.6282383
27.2928338 -157.3386851
39.6781377 -210.2478310
51.5992091 -112.4488029
47.4453261 -139.2676968
-23.9165162 -92.7353836
-6.7016645 -147.3350595
-17.0005442 -31.9188448
30.4033819 -24.7007006
15.0893095 -62.6262545
9.7210459 -29.3877653
-80.3743310 92.9833679
-71.5320899 113.7410865
-74.6647411 74.2156901
-71.9280549 53.3362889
-79.8983936 107.0541516
-97.0368274 113.1801605
-106.4050248 115.6605995
-107.9886411 118.9373689
-108.1207852 117.3209409
-105.7248246 136.9804045
-106.2386350 127.4457851
-102.1684341 153.2730822
-100.2779825 163.9694516
-97.7056519 176.2597197
-97.9047799 183.9471951
-97.7174687 189.0568497
-96.4817273 187.3256556
-96.6401580 190.3455203
-97.7175675 182.0582962
-97.5839685 189.6428271
-100.8985259 167.0747758
-99.7317960 181.3073415
-101.1008928 176.0805688
-98.6378957 178.8603482
-98.8564177 179.0307722
-101.8813154 170.7911907
-100.4267886 174.9298125
-100.5866677 176.2988055
-101.2629377 174.7039474
-99.9657029 176.9290986
-99.1789078 182.0137173
-100.2089578 173.2386791
-96.9792904 186.6341652
-96.7351138 187.0050624
-97.1037849 185.6021982
-98.1104120 187.5926335
-97.0577817 180.7025020
-99.8001886 178.6858393
-98.8427839 177.6347008
-100.5759963 171.1991621
-98.8151346 181.0080397
-99.4764477 177.6258500
-99.3347974 175.9626460
-99.0562500 178.1177801
-99.1694609 174.8479274
-98.5892658 175.9521086
-98.9926565 173.3693673
-101.0241066 165.6756716
-97.9872078 171.5440022
-99.0374616 169.4827142
-96.4619448 173.5455783
-100.6086950 164.2665253
-94.5691891 181.8124859
-98.9437040 163.4008973
-102.5289486 158.1497075
-101.1303657 161.7939081
-100.3785602 165.0680934
-100.9528701 162.2079606
-103.9180847 156.0260927
-99.5332539 164.4369956
-99.7849683 167.2778176
-99.7057529 167.0567029
-102.5304035 161.4170536
-99.1183097 174.5723153
-100.9967865 158.5175255
-98.7178418 172.9758480
-105.1617325 144.2012488
-103.0229963 153.0982174
-106.7725768 141.3998220
-105.3553306 142.7587108
-105.3170889 139.7371905
-107.6925364 128.8526105
-106.4579404 129.5489286
-109.0845624 117.9135564
-108.6931464 118.5092356
-108.1373814 101.8256226
-104.7673277 85.5687271
-110.0597746 73.8319732
-327.6975712 3.9440536
-102.8476732 38.4560186
-74.2849905 -71.2172561
28.0309825 -258.6577475
22.0103736 -225.9869635
39.2406724 -267.7266410
64.3552743 -263.0780006
70.8846278 -274.7595455
70.2786924 -262.5508840
55.5587732 -267.4983466
71.4782659 -251.0926821
59.9894821 -256.6823214
76.1266410 -238.8246957
58.2337816 -225.5525016
58.7088763 -280.1082950
29.6864805 -258.8589016
58.5103606 -257.6388401
12.7907544 -213.2850568
23.1382727 -238.3002251
-62.7208227 -168.3028525
70.3374868 -135.7113851
-81.1655433 -23.5048318
16.5932644 -74.0121609
18.4537099 -134.1502281
53.1481584 -162.0575902
50.2681631 -141.5068669
42.6083693 -156.5756148
61.6657303 -59.2469701
69.8429651 -138.9763793
41.2056950 -86.9514063
40.7284508 -13.8612961
41.3874466 22.3666670
66.5386049 -12.0464993
68.5337422 -74.1492165
-92.9130460 166.7071125
-82.4823171 118.3585944
-101.1885676 135.6260339
-94.6897798 150.7819124
-107.0071881 140.5750747
-100.3598969 172.4827729
-103.2937361 160.0611821
-102.2658651 167.9313983
-102.4805162 174.9458430
-103.8596195 169.1014343
-103.8348470 171.0547335
-105.1633322 169.0388754
-106.1988924 160.1454811
-107.7342079 157.9378768
-103.5913287 169.8076400
-106.2813203 164.0482885
-99.9311346 176.1903061
-106.1075179 152.8317346
-95.1076272 206.2535758
-99.7532308 182.2866680
-99.9716475 186.6660249
-97.2404977 195.4839863
-100.6074639 194.7233298
-98.5681864 191.4704359
-95.9544279 205.6340676
-96.5672625 203.7058044
-97.5644230 202.9579908
-96.1077962 206.3429656
-95.7689403 212.3262944
-98.7082040 193.4116349
-99.5722461 195.4132729
-98.2789150 195.3231250
-91.9839095 197.4565654
-99.3122566 182.8655895
-99.0575272 187.3797196
-100.7809636 178.2660307
-98.7285329 182.3867344
-100.6767321 179.7650930
-99.4889294 176.2584973
-84.2752521 171.8072819
-102.4661978 130.9793277
-99.8573767 116.4746779
-95.8048186 79.6563129
-51.8267830 -0.4382078
-73.5467069 -14.5613211
-76.4763986 42.8695987
-69.6410788 110.6929829
-86.1679025 176.4758211
-63.9986570 218.9137663
-65.5150920 228.2989359
-61.4606314 238.5441786
-59.4860863 230.2277562
-51.4547512 195.3432094
-35.0922469 157.8015871
-45.2296985 164.5726044
40.4755120 69.5921476
-78.5676306 178.6422353
-71.2696713 138.1284528
-82.6424266 116.9738340
-85.4773337 131.6164911
-95.5648618 150.3193508
-96.0839585 137.8790372
-67.7493171 93.6483138
-93.9583032 75.0669820
-53.0685118 -14.5692454
-45.1995278 -107.4651558
-77.1024720 -10.0070665
-15.7184721 -175.1451712
-62.7429027 -106.1053154
-14.4993564 -193.3000408
-55.7115688 -142.0745083
-3.6354323 -222.3213168
-18.2521544 -175.7198066
-17.7906572 -97.4719902
63.7978043 42.5749273
68.2547208 80.7902727
35.7142387 98.2456985
-5.4205901 105.9675326
-87.4381003 182.3050194
-98.3799668 143.3726022
-99.7413416 181.7970279
-96.2676489 195.2274065
-97.1559237 195.0143534
-91.5640607 219.9159316
-71.8977657 199.7755627
-61.4864572 237.9220863
-49.9774993 197.8146661
-85.0425083 209.7213178
-97.5875892 152.1870512
-91.9067941 201.3713646
-103.5573529 148.7178547
-99.7358973 181.3004403
-104.0974038 135.1413763
-110.9308475 107.8795255
-104.6723654 155.6367048
-100.7099903 47.2091233
24.1738033 -155.7519506
-5.2473406 -185.1156528
60.7949471 -221.0659605
67.9396236 -239.7120174
71.9477781 -206.6378730
68.3102499 -228.4798818
69.7833544 -190.9251845
69.7141323 -175.9884402
73.9866935 -21.8775279
67.1101366 -69.5365440
47.7643700 31.3533813
69.7503463 -19.7241520
7.5716565 136.8741796
68.3938629 47.6392526
-16.8508971 98.0492406
50.6355241 -27.8682743
11.5448461 -60.9658783
63.4693564 -92.6377852
58.1610046 -94.6531404
64.4789920 -98.1763777
44.0201976 -85.3192264
52.5575552 -85.5084505
61.8344835 -11.1658292
64.3355775 -38.2237513
29.4659243 -62.3321208
83.2260911 21.5783692
-79.0893671 87.2599148
76.8799145 59.5486587
-105.7921507 127.2794384
-35.8714647 66.0217242
-112.2242971 102.5316194
-104.4439160 122.7566586
-111.2775571 125.8468189
-111.4070877 117.2073430
-114.9530637 84.4695747
-113.6092001 89.2932733
-112.3379095 93.4857271
-114.0140392 78.4417135
-115.1062015 70.3329053
-114.7654826 63.8531089
-115.4651032 55.5579005
-115.6601496 47.8021101
-115.4142811 48.0400638
-116.6228208 36.1217412
-109.5175249 64.3802293
-116.3292506 53.6566074
-103.7144670 118.8335347
-113.0969894 100.3716034
-104.2809099 102.0376622
-109.2242838 92.5211854
-109.3437882 114.7670962
-108.7637708 99.8661263
-112.5402501 102.8855113
-116.2837477 65.8786882
-115.1927572 85.5543059
-121.5424821 56.7262732
-118.6484251 43.1774574
-119.7234843 26.7218738
-119.8668396 2.4499482
-121.8164739 -10.2133771
-121.3862106 -25.5910841
-120.6902634 -33.0938150
-120.6018777 -31.4382432
-117.5670460 4.8989752
-112.3901931 29.1440594
-115.2156139 44.0377006
-113.2376851 55.8084573
-113.4022250 78.3717428
-112.2688520 74.2090211
-116.0410523 59.7325483
-116.8219883 37.4628705
-118.3604900 32.2707910
-119.8159648 24.5484483
-120.0553686 -18.6682767
-120.7320271 -14.9808851
-120.4851184 -36.4369652
-119.5472658 -29.8613265
-121.0689936 -54.9998565
-119.6087658 -45.0340285
-121.2979434 -54.5503274
-121.5390720 -47.6563546
-119.7008908 -50.2741277
-120.6000870 -46.5627997
-119.0656405 -46.5892128
-118.4848331 -40.8353273
-119.1269562 -24.2009120
-117.8815902 -27.3308176
-118.0876700 -15.6965353
-118.5043456 -27.2703476
-119.6873031 -18.0880593
-119.0210461 -30.6815227
-118.3445982 -33.4134101
-117.7451736 -41.9171109
-118.3355530 -40.7815727
-117.3246665 -38.6592267
-120.0406750 -39.3713239
-118.4732204 -39.8775436
-114.8140664 -33.8073859
-118.5961020 -30.8483008
-113.4086765 -25.4371355
-118.1448646 -23.8814387
-115.7143291 -36.4201534
-117.7681621 -32.3762035
-116.8057542 -39.1436136
-116.0110856 -17.3982942
-119.3161963 -17.9261090
-116.4971743 -26.4518341
-116.4628628 -24.2110084
-114.3910578 -10.6412435
-119.0032320 -16.1127898
-116.1541907 -0.3674504
-115.3366918 -12.2271734
-114.6850493 0.5172512
-114.6682886 7.3250165
-114.1589744 -10.6903154
-112.5463329 -3.3616059
-112.4947472 0.9081353
-112.8338730 -7.2276739
-112.5735873 -17.9749372
-110.1914316 -11.8188847
-114.9479946 -19.1244981
-111.9335971 -20.9873804
-113.1945126 -27.4349323
-114.2096912 -20.3651682
-114.1890464 -27.0457320
-113.9557781 -24.0611466
-114.5913707 -25.4759524
-115.5508162 -48.5220174
-115.1803939 -51.0054389
-111.7855414 -68.6566573
-113.6153488 -73.3794461
-110.4975427 -83.3105634
-113.4769441 -86.2954505
-103.7934388 -136.4100707
-112.3025974 -90.8268644
-108.1891252 -104.0949736
-107.2533528 -114.5567509
-100.1770097 -144.1160368
-66.6848502 -230.7389197
-76.3561371 -226.5595874
-54.7816456 -289.5585766
-45.8247157 -346.9124390
-51.3413527 -322.2473252
-44.6184109 -351.6472661
-48.9250829 -329.1740203
-55.7218978 -355.8263819
-49.9735659 -321.1607217
-64.9607752 -315.5290258
-55.6450984 -317.0537120
-64.0237389 -330.1775627
-62.8195112 -352.5465178
-63.6090777 -309.0875762
-71.7604669 -316.4648875
-70.9652323 -352.8331160
-62.0558691 -349.5481767
-71.5949790 -359.9341962
-67.9968775 -341.0843857
-70.2257966 -325.6542568
-61.2978031 -355.8957646
-44.5651629 -293.4678983
-58.7468284 -336.3446380
-45.5463592 -280.8244345
-61.0129227 -357.5345206
-70.8743252 -176.3521423
-76.9594722 -326.5203954
-84.0207464 -323.9462418
-81.0661834 -298.8434786
-97.3731817 -350.5561134
-90.7984108 -339.0388651
-122.8690714 -215.6268619
-122.9856463 -194.5267404
-131.4733634 -153.0725934
-125.8075253 -133.5853719
-125.1551456 -116.4634442
-122.1455670 -103.4250066
-123.1469473 -103.4931360
-123.0350333 -100.1932339
-121.8669801 -96.1570690
-122.7975254 -93.8004172
-122.4402563 -96.3077257
-122.5871139 -92.5554280
-122.6481268 -87.4922323
-122.7529704 -65.7457408
-124.7158238 -64.8433519
-123.0354019 -79.4529848
-122.1738878 -82.2756410
-122.9220923 -92.4099704
-121.5306850 -102.1741453
-122.2041441 -104.6882776
-121.7022031 -108.6121365
-123.5008194 -111.2165019
-124.3418204 -116.8863939
-123.7067807 -79.6476246
-125.7440108 -76.7736121
-124.0291063 -29.5397295
-123.2287367 -40.3125239
-125.5939934 -11.2829764
-122.1638945 1.3277753
-121.2118749 20.5750629
-122.2071724 18.2758521
-126.0928139 -51.4885569
-121.9458729 13.7551003
-120.3998531 -0.6744893
-119.2629515 40.4394870
-121.9283485 -10.9198845
-115.9867542 46.5101360
-121.2162593 12.6235543
-122.5840198 -23.1539610
-121.1035553 -8.2442139
-128.9179451 -107.4184803
-127.6829936 -97.6141365
-131.5822229 -136.1757881
-128.9435010 -115.9352058
-132.3780105 -145.7974066
-132.0573835 -138.9679617
-131.3594481 -141.3494406
-129.8208147 -134.0570319
-122.5170557 -92.0334873
-126.2309948 -116.2971671
-121.9155113 -83.2989352
-122.7960508 -65.6592832
-124.9032206 -102.4088689
-126.4893187 -92.3476436
-130.4409632 -130.8683216
-129.6581839 -117.6676764
-134.2134136 -154.9548388
-133.5884067 -143.0058673
-135.2083819 -142.1766018
-133.6452459 -147.7636415
-133.1697430 -141.0919479
-136.5581440 -147.7742872
-129.7503221 -131.0448885
-131.2926421 -142.3333008
-131.7277769 -128.5633509
-132.3863975 -133.9331519
-132.4889371 -127.2039360
-131.5147585 -137.9567136
-134.1907938 -135.5055890
-133.5415608 -146.3104733
-134.7844648 -141.9448568
-135.8707681 -146.8266193
-137.5479774 -148.8930599
-137.9358450 -152.2689983
-139.3513599 -157.6129974
-140.8555501 -155.0001758
-144.7762274 -162.7552854
-143.2370673 -163.9903097
-140.2009585 -154.0946729
-141.6039521 -130.6413579
-144.9819122 -155.9014855
-147.2350969 -169.1153294
-143.0432059 -167.6630123
-144.6252883 -156.1913176
-137.4909012 -153.5398280
-141.2123452 -156.7556013
-136.2081823 -133.1045363
-139.5011008 -151.2749256
-139.5607181 -148.7317034
-139.6731851 -150.1901170
-133.6119745 -144.3783882
-134.4772805 -139.9212465
-136.7266470 -136.7692391
-134.5615452 -133.0394707
-136.3202016 -130.4975017
-134.6433873 -136.7322422
-135.1531096 -144.6114794
-137.0011392 -125.0722595
-132.3668718 -95.2303057
-132.9945515 -107.5433816
-129.9503980 -81.9885090
-127.0584607 -56.8224983
-125.8003365 12.0128708
-126.6425224 1.7142114
-127.1200530 10.9198332
-122.5026649 52.4796238
-129.0945059 -1.6172442
-125.0875627 40.2653146
-131.0316191 -17.6317025
-129.6219764 -6.1849239
-138.3312307 -103.4293546
-140.5466543 -130.4759473
-140.3910806 -155.9512170
-144.9714844 -173.5559300
-146.6971064 -182.9690755
-147.6603043 -185.7063341
-147.5342628 -186.0520716
-150.1641632 -193.2015990
-149.1110391 -185.5038338
-150.3638573 -198.3548113
-153.1597592 -197.7084722
-151.8249541 -196.8443761
-146.7968021 -193.6798661
-150.6796260 -196.8679730
-150.1341966 -194.9816736
-151.4096214 -194.1154267
-156.7715142 -188.5012311
-152.4343983 -195.8115581
-154.6866482 -187.2620600
-153.2707910 -196.8291502
-153.7379728 -195.4638245
-154.2805452 -200.5886895
-151.5509227 -190.6386018
-156.4018161 -201.0355611
-156.4259632 -207.8930127
-157.7644154 -206.0020868
-154.9233134 -200.2353236
-155.3872958 -195.3638045
-157.2747191 -207.3430574
-158.9088745 -206.9170285
-157.4605622 -210.2427247
-158.2817742 -210.9465784
-159.6149466 -208.2666178
-158.0360505 -208.0827784
-158.1527834 -213.6295873
-158.1892278 -215.1735534
-156.6591394 -207.5761795
-158.5595579 -215.2840334
-164.5238246 -199.9874553
-162.6731749 -223.7161039
-162.7870902 -220.3436316
-163.7357919 -226.3237883
-161.8756888 -222.9895198
-162.3939560 -229.2662551
-162.9711032 -221.8264623
-160.8790879 -236.2717252
-162.6462102 -224.0005668
-161.9760822 -227.8728142
-157.9813706 -225.9050164
-163.5648268 -232.0264607
-163.6688937 -228.0586187
-162.9507612 -225.0029641
-163.5991120 -230.4076653
-164.1750347 -226.4443106
-164.0918365 -232.5530512
-164.2255145 -230.0630729
-163.5421939 -227.2899160
-162.0614924 -224.7577727
-152.1270693 -220.8987241
-153.5890745 -216.0854468
-157.8691932 -218.9760622
-156.2384217 -212.4144928
-158.1425531 -218.0155823
-160.8674356 -225.3105596
-163.2014486 -224.8118367
-165.3308037 -234.0211977
-164.2598129 -227.3143176
-164.0213307 -229.1709235
-162.4245151 -224.0614236
-163.4704504 -228.2075346
-164.4639835 -228.8380135
-166.3137379 -235.3528997
-168.0833882 -240.8144193
-169.0207669 -242.3663851
-168.0690369 -243.7970085
-170.3618655 -240.7851281
-172.1791253 -245.2463238
-169.1860573 -242.3153848
-169.8497733 -247.9899111
-171.5219530 -248.6121271
-166.7732042 -246.1156809
-171.0236987 -259.5699814
-171.8381431 -248.0201615
-173.0072627 -258.7184651
-168.9104197 -250.9502031
-169.1461238 -260.2828870
-147.0752441 -297.9082977
-171.1982845 -262.2257262
-164.4381248 -289.4486536
-172.2642985 -265.1491452
-155.0070778 -315.3321114
-143.3070728 -309.0389898
-115.8469802 -344.9800908
-127.0100612 -344.9931194
-60.2699387 -366.1822283
-141.5972109 -338.4963370
-94.3111944 -364.9913961
-148.5203833 -338.9049274
-80.8971406 -371.1203449
-109.7089571 -360.9074726
-105.1156634 -362.5974456
-135.0931368 -350.1204756
-84.4177581 -366.3307420
-136.7552838 -347.8807020
-73.3857679 -371.2114832
-130.8554401 -350.5558659
-73.5072275 -367.7419154
-106.8344718 -360.7393387
-121.6290640 -353.7780142
-87.0468686 -367.8048921
-122.0818155 -354.2450631
-140.8106529 -337.5146431
-153.5286409 -332.5227719
-142.7646585 -343.5056312
-127.9500468 -351.8090250
-137.3726015 -342.4617033
-145.3957570 -341.9298518
-145.0215034 -341.0229873
-139.3791672 -344.1631266
-140.2008926 -340.6836558
-141.0822616 -340.8539250
-144.6008647 -326.8606243
-140.0552069 -342.3073717
-133.8269416 -347.1190397
-142.6994323 -341.1258234
-137.6115182 -350.3328943
-142.0795208 -343.0286793
-142.8892253 -350.1360727
-133.7223744 -351.7242308
-130.5043197 -353.3111200
-142.5608433 -348.8471701
-127.7518932 -353.0572945
-136.3212681 -346.8790164
-115.2990228 -360.9119909
-135.4780815 -351.6971524
-122.1871200 -355.4946323
-143.2854141 -342.8406157
-121.3538872 -359.0553694
-125.9782271 -358.0241607
-109.0432267 -361.4522289
-105.5543400 -361.4720967
-113.8872999 -362.5303839
-96.2326528 -363.5778707
-122.4691302 -360.1813063
-116.3409950 -358.3417985
-141.8660284 -350.6180070
-141.0475946 -353.2990198
-155.6273711 -334.9926967
-152.9190519 -335.4068576
-166.0144272 -322.7696450
-166.2182160 -318.5879298
-167.6154823 -322.0139864
-164.7131173 -316.3104321
-165.8558648 -327.3524925
-168.8889058 -312.0421586
-164.7993701 -320.0902105
-162.6594951 -323.1717057
-159.9612481 -333.4482046
-167.8991909 -323.0913678
-151.6241408 -329.6327755
-106.2742632 -319.5407503
-152.0461752 -335.1619137
-80.6403703 -329.0800040
-102.3562785 -319.5107629
13.6349062 -219.2596121
12.5561621 -252.5079250
-53.9636824 -260.4836079
66.7283255 -163.2854503
-116.6347232 -314.6535721
65.3907884 -183.6407910
-26.8669022 -243.7536366
61.6826096 -161.5942085
50.4529660 -175.3685451
59.7995180 -180.8675722
66.9201198 -148.9537001
58.9033763 -180.7672891
58.0139034 -188.2248763
59.0784033 -184.7276266
47.5981743 -213.5891399
53.2788773 -230.0942208
38.8205669 -279.1229803
22.0579651 -320.9920617
9.9130418 -345.9580711
23.7534855 -342.8168177
15.5593863 -325.4033093
24.3361477 -317.8504988
10.7054844 -354.1044409
25.4535911 -338.9801900
26.9998610 -329.3960944
29.5642638 -352.8942359
18.4969170 -361.6697538
20.9156488 -364.5188077
15.5638299 -370.9557080
16.9582588 -363.1972562
-9.6775887 -382.7627730
33.5144172 -307.9518292
-4.2024319 -360.4946735
9.1259497 -348.5248284
-16.6942915 -368.0112452
26.9310240 -202.4394465
5.4976178 -304.5113823
-7.2138197 -296.5750483
-4.0206350 -301.8387870
25.9064249 -164.7846054
14.6654467 -149.0886126
-2.8103060 -219.4234908
2.6835568 -328.8420542
4.0950771 -261.3967237
-1.5750840 -311.7330931
6.8162558 -271.3948563
1.2632866 -334.1083923
35.6800226 -349.9041575
15.3309681 -345.6374933
33.2829395 -360.5851000
25.8067506 -363.2379512
15.6839795 -367.5443511
8.7210916 -364.3020874
4.4721089 -349.3679426
-11.9154107 -349.0364716
-30.0581404 -373.3525056
-14.2229074 -325.7103014
-38.5906001 -216.9006470
-29.7074940 -362.9654648
-43.3570379 -359.0356254
-15.6645986 -373.5622320
-34.1273472 -357.7073894
-30.7560559 -369.9571791
-41.9788398 -369.4224496
-37.4378923 -375.2406618
-49.9048309 -368.0177131
-57.9838381 -373.0488557
-59.3030608 -368.8121480
-60.0018782 -373.6486973
-76.7742742 -369.9648848
-82.3775063 -372.1066499
-94.4262552 -367.5925662
-97.6188593 -364.0070717
-108.0582319 -358.5764679
-111.9062769 -358.9384215
-114.1640698 -361.0769372
-115.6199132 -356.4149897
-116.7420685 -359.6697869
-121.3065147 -354.0456729
-118.0329111 -353.6979858
-114.7104209 -359.0532960
-112.7231308 -357.8965671
-118.7630908 -352.6522630
-102.7257988 -351.6481636
-114.9075344 -340.5348946
-106.0958788 -348.7450457
-113.1709843 -347.9386653
-107.0766209 -316.0256598
-55.7340042 -318.6181029
-64.3395076 -306.9203419
-58.8864641 -315.0613889
-69.8643604 -309.9522604
-58.0673062 -285.1493715
-99.4813258 -340.0486277
-112.1195982 -248.3783706
-90.8944133 -321.2692211
-38.0415631 -291.0417322
-39.2826204 -336.6676915
47.2768264 -249.9701804
-0.3246321 -279.0283450
47.9321060 -303.1876336
-50.7506079 -264.5874920
53.1990200 -286.0156339
15.2255632 -304.0493158
66.3408463 -263.6631115
69.3899700 -275.1409336
73.9441399 -272.6382981
74.4853561 -253.0429176
74.5362769 -273.5931302
74.7054185 -266.7901294
74.3389659 -280.3439547
71.5931687 -280.8387938
70.0036012 -287.0790892
11.9443709 -340.6494905
48.6854190 -321.5126176
-38.9636622 -363.7819957
-24.0865186 -367.3053800
-43.9224275 -366.9502347
-57.6375169 -369.4874997
-67.6261393 -368.5929520
-65.2986042 -371.0409664
-67.5603404 -367.6366035
-64.4196446 -357.7644243
-65.1624114 -367.5300537
-63.1551018 -368.3921383
-70.3414433 -367.4539246
-73.1584508 -367.8133096
-72.6108884 -366.8747864
-80.9672909 -368.2377757
-77.7308758 -368.5206603
-77.4297678 -363.7289529
-78.2908869 -368.6112415
-80.1336171 -367.1228559
-81.0916143 -370.2880930
-78.3535390 -363.0191574
-80.3177420 -365.1940047
-75.7521043 -365.5502640
-77.2240040 -363.7750017
-81.4293642 -364.7569742
-79.0745352 -364.8099860
-82.3949847 -368.4094066
-80.8249231 -364.3389140
-82.5937769 -368.3191657
-83.2752213 -365.5191625
-78.9507781 -362.7569144
-78.5054064 -361.7802957
-78.2037586 -365.9454235
-74.1021295 -354.4513543
-78.6290845 -363.4954904
-77.5788241 -357.3534819
-80.0725844 -359.7347442
-76.2869414 -364.8780999
-78.5715805 -363.0325883
-81.2435935 -364.5859313
-81.2768320 -364.9544146
-80.1319581 -366.2802678
-81.0177839 -366.1727277
-81.4910551 -366.0361595
-78.4448082 -366.3839085
-78.7884172 -365.5617144
-74.9266462 -363.9636533
-78.4544262 -367.9015079
-77.2483815 -368.3573231
-74.3536728 -367.7450100
-75.7263443 -364.9870016
-75.6310265 -369.7012492
-74.3256350 -370.2928898
-73.0908679 -369.6111012
-74.1855252 -372.2304680
-73.3970120 -368.9696362
-74.3816447 -370.3423737
-72.2506635 -369.2789493
-71.4004527 -367.7290415
-69.3443223 -370.8389458
-67.4643511 -369.1145910
-63.8218789 -369.2815179
-66.8862428 -368.8984586
-64.6704308 -370.5997272
-67.6770996 -371.0643622
-65.3441334 -370.5144997
-62.9060602 -370.8516959
-61.6185947 -366.5364762
-62.2148002 -370.5105076
-60.0056438 -370.2827393
-57.1485250 -372.2538947
-53.7813383 -368.4659463
-55.7886841 -371.2467316
-52.4295058 -375.1529586
-53.0397828 -370.8573592
-50.4220284 -372.1711430
-49.6982080 -372.0165019
-46.3201558 -374.7601201
-48.1769772 -375.5345015
-45.2036653 -372.7104836
-45.8433724 -372.4349953
-44.7478823 -375.3348948
-45.6151336 -374.8844952
-63.1575178 -373.5738061
-62.6728182 -374.2820232
-62.2703557 -373.8417743
-58.1152581 -373.8205757
-63.5380321 -367.8946996
-75.5892364 -375.4778689
-56.7064383 -374.6740262
-57.9710930 -373.5057850
-53.0901935 -374.3947933
-50.8991442 -374.3474757
-54.8134225 -374.0416596
-48.2907378 -374.8575715
-51.6148936 -373.6614783
-51.5110703 -372.8810004
-53.1009669 -372.4492618
-57.2335204 -375.6074431
-56.2965236 -373.2581488
-75.0245512 -365.2713407
-62.8650338 -367.9262344
-69.7430127 -352.4618784
-56.0582784 -365.9521080
-62.6213049 -366.4728496
-60.0996121 -366.9698240
-52.0531752 -366.7937368
-53.2624852 -338.9022041
-50.7970621 -358.0866422
-60.4351237 -313.7468313
-57.4102063 -329.3391214
-50.0027359 -354.1875949
-47.4393157 -311.3115360
-36.0371863 -329.8010022
-57.5657931 -353.1669699
-43.9904186 -341.7916435
-59.3290380 -365.2050217
-62.5610885 -362.9105652
-67.7491130 -369.9764589
-67.7697710 -362.0593739
-66.7648161 -371.3843829
-69.4725823 -376.5733851
-62.2133980 -364.6287307
-60.1489596 -370.6798793
-44.2145824 -369.6049118
-45.8719994 -368.3680926
-36.1240711 -374.4135161
-32.6689298 -364.6714063
-30.4907539 -374.1925870
-25.7746872 -374.4939468
-9.5179326 -375.7824781
-16.8513415 -373.8777654
3.9987574 -368.8271572
-13.2346589 -375.3712263
4.2836551 -372.9975460
-5.8070917 -372.1956219
-9.7649351 -373.6953341
-4.9481496 -370.7297965
-5.8017918 -373.7520595
1.9801519 -373.3292955
-0.7527598 -364.4483419
9.1882199 -373.9168821
15.9952074 -360.7972711
17.5626324 -354.9379925
27.3404121 -359.6873956
30.2707934 -360.2981614
26.2049390 -350.0050750
26.8911744 -359.6512807
11.3536994 -361.9840494
7.8800932 -365.1209084
-1.4868639 -362.0951793
-12.6580129 -365.9827454
-15.5618928 -371.4388183
-15.3252638 -370.2045058
-13.6139322 -375.7577516
-18.5430568 -377.7769056
-39.0192308 -360.2990279
-30.7240814 -372.5659621
-36.4842960 -375.7366150
-28.5692823 -372.9972056
-38.6008863 -371.1606686
-32.3819099 -370.4155010
-47.1130534 -353.6735688
-28.9749311 -366.1816713
-37.3629593 -361.7787175
-30.5516483 -360.0307502
-36.0058372 -351.2004874
3.6972191 -364.2183763
-28.5151719 -346.9034644
-5.7789745 -364.4551811
-19.1558091 -359.8325360
-2.2875024 -373.0670834
-13.9779540 -373.5297378
12.7871073 -367.7872524
20.3870756 -367.6212848
20.6747127 -362.7024480
26.6400723 -364.6011571
15.3813607 -369.8196516
22.0726785 -366.0695511
6.1467520 -358.7847398
27.8258540 -363.0021677
9.5998158 -369.6504655
28.0753070 -361.3574698
24.0019906 -360.4120455
33.8669497 -358.7644697
28.0675784 -359.2175615
33.2742991 -357.1162748
31.1073474 -366.9280459
31.3180223 -362.1223506
31.5207085 -362.4327778
30.4877651 -361.5102541
28.6527208 -367.2242994
12.6801727 -375.8807341
24.7975906 -368.4986880
24.2608526 -364.6740368
25.5935379 -364.2548935
24.9285942 -364.6699518
19.7313549 -368.0459366
18.3344013 -369.3773911
21.8644081 -365.5564844
16.3823230 -374.5521577
5.9245459 -374.3775560
10.5254575 -371.8650793
14.5936094 -369.4667344
20.9346528 -368.2895806
19.3115671 -370.6049262
20.6538836 -367.0453342
24.3506274 -365.2665749
22.7714828 -366.1203348
26.0476933 -366.5435630
21.6939861 -370.3616226
25.9849424 -369.1023979
28.4495903 -363.7502443
27.7171591 -369.9854644
31.2990891 -366.2338476
29.6407109 -366.6996895
32.6712965 -359.6673421
30.4927617 -366.2470619
34.0996749 -363.0926561
32.0825004 -360.1562085
38.9099862 -358.4175252
39.6112691 -355.4173273
39.9891435 -355.6644683
47.2398553 -352.8358084
45.7885016 -352.1534318
48.1588800 -349.7350643
46.0698370 -352.7216766
46.6898176 -353.8853686
45.8279744 -351.8766437
47.2947228 -356.1984860
50.7521253 -353.1489898
51.7991830 -350.7690583
49.9506169 -347.4059164
49.5186189 -349.2042031
48.3771815 -351.0512311
46.6252729 -351.8973162
49.4888333 -349.8555401
50.9691530 -346.1022831
47.5797744 -349.4929366
49.3740128 -351.8826474
57.6623091 -338.6895997
54.1575241 -346.8825444
54.1631922 -340.1799040
51.5284828 -343.5228686
53.8855467 -343.7741564
55.3691119 -341.1348289
55.5874759 -343.8258995
52.9138137 -342.4105173
54.1522279 -342.7563167
50.4549311 -346.7015676
53.5371650 -340.9909264
48.3381860 -346.8770668
55.5320653 -339.3907919
57.7818201 -336.9294394
60.5084011 -332.8111650
62.7407698 -330.8640861
64.5945070 -324.1005734
66.1689858 -323.2265434
68.4102286 -317.1421579
67.4879650 -319.2059990
67.8984656 -318.6945414
69.8218660 -315.1388796
68.3268461 -314.7021277
71.4885883 -307.7212447
68.2466169 -317.7406377
75.1360637 -286.5126702
70.5014869 -306.5638350
73.7687114 -295.4988120
71.8658110 -302.3368445
74.4533421 -295.3515362
70.0772340 -313.5539091
69.2395642 -315.9481381
67.1422296 -316.6119466
68.5922008 -321.0160764
71.3460098 -311.9308740
69.5520742 -312.0967797
71.5194107 -308.8206293
71.9051915 -300.6615403
72.1684199 -306.4294021
72.6519477 -308.5161129
70.6624324 -310.1921908
71.7559443 -308.3600792
69.9197644 -306.1054821
69.1538775 -312.7608668
69.0968870 -306.0443313
64.1419728 -322.9592250
70.8221601 -319.9651236
66.8509569 -317.9300630
66.1842588 -323.4930261
68.3642846 -324.9309685
74.7605263 -303.5603566
72.6977534 -308.0552224
74.2766101 -299.1347498
73.8489932 -296.0197392
74.5118007 -288.0759780
75.3281805 -286.4167042
73.9424546 -294.4868212
74.6356829 -300.8270747
76.4956610 -296.2710271
74.1401606 -308.4131220
74.8249295 -300.5273551
72.2773978 -310.8838514
74.3450422 -305.9246910
74.0776928 -306.0409271
72.7403268 -306.7595115
73.4325414 -303.2042210
73.6310834 -300.3502776
75.8847685 -298.0936071
74.1423396 -301.8958219
73.4043193 -301.1135491
74.6659787 -298.6014129
74.7876753 -298.9070743
73.9538566 -296.0280329
75.1940615 -294.8857562
72.9403567 -302.6405563
73.5590569 -288.7988330
76.6186545 -298.6449240
75.1133122 -296.5655167
71.4763041 -292.1965734
74.0575943 -290.0421511
73.8095205 -285.4478223
77.0680880 -268.4669190
74.9730774 -258.3393980
73.0701111 -257.3795061
68.3999918 -244.6580254
71.6456168 -237.5815015
74.1548740 -254.4001507
70.4030750 -256.9814066
74.4253833 -258.9336381
75.1235161 -252.6382884
76.1558374 -257.7688476
76.2060143 -255.7894912
76.6703917 -253.6116576
75.5850166 -251.5738582
75.4056843 -244.3263688
75.3528082 -250.9846314
76.2372054 -238.4765908
74.2792697 -239.3175852
75.6604006 -248.0664579
72.7385165 -238.1004481
75.2973186 -245.4040132
74.9037697 -238.1519900
75.9483422 -248.6191056
76.0758978 -253.1428448
73.3869726 -253.1538154
76.0664642 -255.0416312
73.6710565 -240.7707379
75.5964253 -254.6850933
76.7508776 -254.2706384
74.7458985 -251.1257024
76.1735725 -239.6516093
75.7650665 -249.2500177
77.4546786 -244.2364219
75.9485199 -241.0300719
70.8264194 -204.6343317
75.8682710 -240.7006898
72.0111412 -219.0693668
75.8008988 -238.1179485
73.9601370 -213.2214766
75.1168803 -239.1719032
77.1992578 -244.6763769
73.4264190 -240.3072324
73.7088505 -243.2073640
75.3441711 -246.6016073
74.4786346 -243.8372084
74.9027559 -247.2090618
75.9138398 -241.1761098
70.0893668 -226.5521292
73.1933416 -227.1751808
56.9686660 -144.2557461
69.3562708 -210.6173820
65.4154095 -164.5183857
70.9811570 -222.1494848
68.7180646 -191.0649092
73.7122935 -221.9080380
66.3737687 -180.5555048
74.8914196 -238.2904923
71.2701716 -203.7600232
75.0520821 -217.4502465
66.9706194 -164.4147294
73.8188817 -210.0736160
72.0822856 -193.5817958
75.4469016 -205.8620062
74.4982262 -199.9477351
74.1065534 -187.7050941
73.4423898 -165.1950062
73.1564561 -149.7352767
70.6621823 -142.8108097
71.9362049 -136.8308232
72.2367072 -157.4992370
72.2987865 -162.0198815
74.8545407 -206.4684239
73.6475546 -196.9633046
75.7071214 -226.6990336
74.3295783 -210.9641098
74.1627804 -227.7215618
75.3510044 -210.4597855
75.1679921 -202.7800777
74.7982347 -190.3544020
74.9170216 -187.5065086
74.7804207 -174.3893424
74.6237147 -174.7648817
75.1109423 -171.3715357
74.7081769 -166.8863872
72.3990747 -158.9044686
74.2766430 -167.9244352
73.4786170 -180.1180875
74.3530210 -170.8735246
72.6854297 -185.5063405
74.4350343 -171.2852406
74.5437752 -212.8863074
74.2714686 -196.8790365
75.6805583 -204.4504150
75.1950819 -203.1607077
75.2212631 -210.9203820
74.9698648 -221.1794578
75.4707129 -200.0860982
76.0546473 -213.4431329
75.4455915 -220.2527409
65.4096163 -219.8112386
67.5782269 -211.4340058
46.5353401 -220.0295063
65.2554251 -215.9015301
58.1987327 -230.4787501
57.6826709 -212.4981110
65.4483122 -225.2292934
69.0443466 -226.7748377
73.7438138 -217.1790598
72.0615222 -228.4556814
75.7610640 -220.1030513
75.9267165 -228.8163662
74.0574429 -219.1962795
73.2455989 -226.1670893
73.6947033 -225.0952164
75.9042612 -225.9324817
74.9892456 -214.9816988
76.7142357 -225.6871975
75.7205379 -208.1978386
75.4997381 -210.7208681
74.1624117 -209.6544109
73.6152114 -218.5055009
75.3788908 -218.8934343
74.1307137 -217.5366654
73.5889972 -225.0889033
74.5653680 -219.2231259
74.4691878 -218.4782058
75.3392469 -219.9392500
73.8195335 -219.8711825
74.2412058 -217.1226438
74.6734769 -212.0747280
77.1505028 -212.0458701
76.9026528 -193.4859845
74.6260056 -186.3448592
75.3639996 -185.9534133
73.7220893 -191.0392543
75.7362915 -199.7110232
75.0782502 -197.0830222
74.9408527 -198.5253126
75.5283420 -205.7355576
73.7487314 -193.0948945
74.1851961 -195.5618485
66.9469989 -200.1403634
73.1885557 -190.1291868
68.1257893 -175.1338911
73.8404812 -179.5422297
70.5771869 -174.7577794
74.7548516 -168.3668969
74.2241685 -142.3355599
74.6792636 -152.5361773
73.8937456 -132.3551135
75.3461394 -156.2518804
74.3753775 -147.9200775
74.3820792 -157.7286456
74.3728496 -157.8591017
73.6951246 -167.5109862
74.5966710 -170.0995919
73.7414504 -160.7815614
74.4963697 -185.6060820
75.2218227 -196.4040188
75.4319117 -222.3701354
75.8488441 -214.9908436
77.1612729 -240.0505907
77.1809961 -224.5467620
77.2328781 -225.3595948
74.3314216 -225.7932212
77.8630199 -220.5100479
73.8773799 -219.4678840
74.5396080 -200.7631675
44.9682673 -255.4789557
54.0333028 -228.4111954
-2.3660533 -230.6961203
54.5810825 -253.0347322
-6.0021751 -209.9995294
67.5595241 -217.9525437
51.8778652 -205.4007908
75.6642386 -207.2761814
74.9860594 -185.9145751
72.6485508 -177.4533836
72.6213030 -163.6397600
72.8082060 -158.9787564
73.8972545 -143.9940136
66.8514178 -121.9106122
69.3819978 -67.1284509
12.8788851 -21.2100367
71.4052321 -67.4201011
70.6492200 -118.6882627
58.7205483 -58.7766408
-3.1281198 -23.7914319
38.5974729 27.5189973
100.2796809 83.2770016
104.5183059 112.9583726
65.4503464 72.4298827
94.3185544 83.1414393
99.4571590 58.6821526
81.0309898 -7.0903552
76.3105552 52.9353268
30.8201563 18.8897338
72.2472271 13.4048021
67.8573865 -36.3080641
76.8301391 27.5768039
100.4382828 111.7987038
117.4035067 118.1909556
88.3888888 35.9072916
107.8767468 140.8215504
96.4472249 56.6399201
98.2689547 64.0631370
72.9941413 -26.2824721
72.0632207 -2.3478037
72.8855254 -83.1418648
75.2237450 -29.7254025
71.8748826 -95.8575661
70.4377683 -39.2458076
74.2247676 -60.6848273
72.8056649 -10.7480873
78.5749905 -29.8580559
81.4627870 20.8101463
78.2303217 -4.8028438
86.6888030 33.1898312
106.8812387 88.0202850
91.6012162 69.4899923
102.0714178 91.8691754
87.7110849 48.1211134
100.7014519 55.5289730
101.4922232 65.3845222
79.9856799 11.0215341
104.0584446 76.7444293
75.1060049 -23.3803309
109.3794888 97.5437016
95.2540437 66.2945046
89.9350073 48.0935669
87.7892733 29.0280863
95.1353226 77.0527057
106.7717737 82.8682178
93.8424326 53.6616982
88.8550700 57.0761305
89.7408036 40.4979416
104.5540394 78.6527319
85.8197709 22.5956694
96.3050875 72.3914855
95.2048278 54.1918359
116.0223560 101.8052906
100.5857592 60.7010976
93.8286409 37.8333886
93.0616085 24.0051349
96.2838765 76.2862312
83.4729800 47.9728783
81.7617159 21.8305411
99.1840822 64.5469242
90.0026627 44.5619546
117.5230572 113.0007929
120.4639864 123.3257004
133.0113254 152.7431185
136.8636297 162.9694836
131.0906043 158.0397072
111.8666462 103.7666746
83.0336385 -9.5616775
81.5921530 -12.5396876
74.3717765 -49.7591616
72.9870841 -82.6264461
70.7601992 -107.4531098
73.4862206 -107.3592869
72.5176443 -75.5285301
72.8323136 -74.9511869
71.7487423 -79.6721035
69.5974257 -63.4783008
69.9638520 -56.2398284
67.5286753 16.3236109
71.9117286 -70.0251860
66.3583838 -19.0097300
69.2884245 -65.2362329
65.6950431 11.1457225
70.6167649 -49.2788133
71.5859008 -81.0945183
72.1944366 -25.0483549
72.0070201 -55.3462168
71.8173193 -28.5272339
72.6087620 -43.3794548
72.4456507 -55.1358212
80.5873363 -11.0385925
78.2382413 -24.5809269
88.1636586 20.8153414
93.5841548 28.4748719
82.1204398 -0.6835856
93.8741109 42.3381535
78.5677688 -55.6366988
77.2987099 -37.8756696
73.5335997 -81.0192789
74.2199487 -77.6873856
72.8768685 -90.3303233
74.9946438 -73.5355572
74.1635638 -68.0885207
72.8770331 -64.2904102
74.4193860 -61.3542063
72.7614720 -54.6435275
73.0323895 -40.2983580
73.6697794 -47.3587935
71.4546125 -39.7005512
71.8971798 -46.3563962
71.4440794 -50.4074851
72.3152247 -43.1774612
72.3987323 -41.9699757
72.8570795 -38.6910091
70.7871902 -46.6359540
71.6721536 -31.7674299
71.5575603 -30.0586046
71.8205845 -38.5365537
71.6840165 -48.9166740
72.1780840 -55.5710529
69.7171935 -54.0006622
71.3984053 -52.3624361
71.5812992 -54.8717948
72.0827398 -58.5129201
71.1474283 -47.1363674
70.9055097 -46.4753402
72.3450465 -44.1061626
71.6205876 -44.9730943
70.1357519 -44.0171984
69.7737759 -48.6196236
71.7361619 -46.1519618
73.6516361 -54.5384902
71.6787434 -49.6726847
72.3849669 -52.6668596
71.2331347 -54.2322099
70.3964984 -52.1342538
71.5061325 -52.6732927
70.6203067 -59.8743272
71.3827374 -48.2275394
71.4084118 -62.1377944
70.3993884 -53.8220644
71.5026829 -70.6860082
69.7600302 -56.0999412
70.1352187 -67.2961824
70.7133862 -63.2019189
72.4492319 -61.8864368
70.2441044 -64.1247830
71.2317588 -57.1159009
72.9385463 -51.2303215
70.6481667 -53.6592998
71.4708071 -60.0657408
70.6869087 -51.4720081
70.9481160 -55.5988083
69.9401064 -50.1574042
71.2682164 -46.5662967
71.4933479 -48.8121667
69.5025490 -43.6107859
71.1202266 -43.0601652
70.8937916 -38.9761876
71.9312741 -43.8878253
71.5866513 -43.8923861
70.6975273 -45.3993862
70.7401139 -44.7188858
71.1682245 -45.3947636
70.6209321 -46.3285325
73.0474913 -50.6746758
72.7519659 -44.2753874
71.5440318 -46.6143029
73.1998787 -46.0854416
71.5127222 -50.3137164
71.7849169 -47.9707043
72.3673306 -62.0349853
71.5112081 -48.7814637
71.2098171 -56.7915709
71.4482268 -67.8107037
71.8738753 -59.5579891
69.9172891 -59.5049657
69.8306874 -60.0429987
69.6054111 -82.1993108
70.7221945 -55.0822871
69.9317129 -45.4031463
70.4284729 -32.7935654
70.7734051 -44.0369076
70.0266950 -33.6422848
70.0450225 -27.6683813
71.1106152 -31.2129022
69.9292969 -37.9869504
63.6676219 -36.6541652
70.1690759 -51.5421645
70.7146699 -33.0437663
71.2742795 -31.2559202
71.3976680 -24.7035226
72.6484257 -19.4029631
71.8110060 -19.4499848
70.9061351 -11.5409391
70.5543235 -16.5344727
67.4997291 -32.8833923
67.6527419 -57.3813586
69.3085493 -59.3226504
70.6205108 -44.7654530
68.9673695 -36.4165364
72.4852880 -40.2938785
72.0435238 -47.1672291
76.9789781 -12.5619799
74.3221854 -10.4428611
73.6138553 -9.4617503
73.1326842 -19.3581947
73.5514270 -20.0031450
73.3006408 -16.9489662
72.3067917 -32.4998301
71.9475016 -41.1781867
72.5975970 -43.4702720
73.8445825 -44.6830030
73.3023064 -24.0963834
71.8588591 -51.3897206
73.5368123 -39.1966680
73.5415193 -18.2593962
76.1742374 7.8547839
72.0411341 -0.3890120
53.8144978 50.6241242
-52.5057686 150.4644758
-78.3204915 220.6241487
-84.4119386 198.7026841
-88.4003041 208.9385499
-88.2161397 172.5219051
-91.1125930 189.7442861
-91.5139167 173.2670573
-87.0393440 212.7380569
-85.2687063 226.8463093
-79.5732636 231.6849630
-67.5487540 240.4796679
-102.3557650 168.1900979
-70.4006129 250.8862361
-72.7135004 233.8082838
92.2238202 65.2517991
-71.0339541 193.5906156
69.3776727 38.8880976
-6.9297654 95.7394344
80.5142037 28.2996009
80.7407836 40.7866093
87.5420552 50.2512387
84.2302561 20.5506710
87.2031072 37.9355168
88.0915728 39.5109364
91.4315743 44.1657468
86.5314058 32.3007881
81.4695676 29.5936194
83.0744542 28.8740796
82.4923301 27.3772165
84.5594018 23.5143537
80.8127114 20.3495150
85.1746853 27.8787885
83.6355713 21.7105933
83.9673832 24.6411648
84.7420981 21.1230183
86.4658571 25.7925071
85.7254734 24.4753868
85.9219945 18.1847622
84.7290305 21.0531810
83.7717970 17.3655350
85.4152346 22.8300274
83.4901687 20.7033508
81.9290142 21.6878184
83.9694503 17.7527122
85.0360304 14.9177440
85.3102856 19.9737649
86.8883062 18.0286357
85.0287297 20.6905640
87.1343064 23.3447537
87.2151083 20.0865543
86.7656748 17.7837750
87.9031162 21.8706790
87.6965558 22.6284169
87.6255892 28.3969924
86.4438364 20.8887588
88.9081041 31.8126664
87.1000738 21.5359973
89.6021158 34.4457098
88.8351230 22.8065427
90.0532873 28.6527676
90.0532873 30.1077867
90.9057100 28.2129596
91.2475810 29.0988384
88.8143464 18.9820288
90.7705508 25.4867006
89.7239770 27.8217709
88.9981422 22.9102338
88.2620178 24.2660414
80.5172386 13.9196947
90.0297656 16.7713510
64.4138580 -23.5192588
81.0065201 8.6278844
68.4698196 -5.3058746
84.7225395 18.4682560
51.2068090 -39.9331163
60.1593676 -19.0746447
64.2758812 -12.3855242
68.0967838 2.1018331
76.4014294 -7.4184782
38.8251686 -75.2585659
62.2982683 -20.0910068
42.8110259 -0.8591186
45.0777489 -10.8921475
30.0965762 -22.9576346
26.7438577 -41.3854683
96.8511094 67.1927660
88.1111183 74.4960603
110.0022047 89.5463793
113.4405128 93.5607498
112.9088554 88.1020542
106.5204872 85.7837609
110.1444672 84.8084884
106.2851188 85.4484060
101.5989168 70.8651204
100.6078326 73.8187435
100.1559172 76.7312073
99.7621247 65.7426925
103.5494794 71.6377688
103.0128385 86.7006754
108.5008782 87.4347332
87.9691389 73.8302711
65.6338788 73.8879327
102.7087944 71.2284434
57.7276603 56.8517817
91.0641671 28.1248077
99.5871833 52.0559585
103.8533325 62.0106998
101.9181087 58.2240976
104.2742346 61.3875592
104.8830403 71.2346869
100.3301673 48.9482398
98.7938446 62.0896914
95.8019352 47.6384326
94.2135659 48.4481900
93.5924431 48.7170518
99.1535033 61.4895675
97.1825065 56.0075418
99.6951013 56.3969878
100.9975501 59.9952401
105.6027659 67.4305766
105.5135441 70.2237019
104.4320992 65.8149610
107.0030736 68.8685344
107.5025722 69.5670807
109.4668344 72.4194614
108.7947644 73.8353851
107.1026968 72.6571714
107.8277943 72.7152353
107.4524479 76.5887902
109.2666070 76.4972187
106.3607200 72.4562571
108.2221135 73.4262531
108.0281863 73.8383947
108.4101686 75.8818032
106.0424497 74.5796011
108.8868104 77.1273262
106.9723170 77.3404953
107.5651255 80.2906214
107.0156145 86.0840143
104.1512411 72.3428371
107.6424252 75.3042588
103.6532303 74.8932700
107.3511920 76.0661145
96.9878025 65.5430857
107.7967151 80.1275164
109.4973803 83.0465951
112.2244419 88.8252186
109.5907693 84.0619591
116.3174140 96.1777338
114.6905529 98.4775286
114.8931041 92.4943004
112.8318322 97.2037744
113.4011190 89.3280265
116.8651344 101.2182455
115.7913128 98.0970534
118.0830749 104.4105844
118.4273093 108.0220664
121.0088497 109.0837423
118.9760303 105.6705904
119.3272692 106.9449094
120.4947562 109.1026198
120.4698191 111.1841935
119.3838845 107.2196937
121.3896865 112.5123985
122.3882887 108.4199879
121.6777006 111.0069612
123.2339901 128.2210485
126.7795842 114.0350500
121.4383757 113.5905458
123.0000239 112.3244742
124.0835886 114.3857003
124.0931079 120.7615503
124.6271353 120.0188043
124.8696200 117.8972938
124.2607814 123.3674011
124.8237353 125.6291160
124.5852794 119.2018014
124.8103978 121.9867413
125.8095793 131.5465977
126.8953164 128.3731210
127.5360044 130.0192656
128.1745727 132.0176233
130.4491922 135.8675736
129.5177384 134.6575852
131.6386012 134.9936982
131.1627691 140.0062728
130.9353862 139.3598564
133.2633426 136.7598158
130.1814544 135.1487571
131.4238053 135.8280390
130.1510664 134.1246042
130.3395164 135.8044421
129.1562561 133.1857252
132.5822865 139.8293810
128.7941287 137.4233303
128.3741483 130.9171247
128.0774576 134.8022150
126.0312875 125.7586824
126.4739667 124.7434577
126.8634539 125.1314298
129.5116950 134.9719581
128.9356802 135.5573785
130.7579959 133.4238916
131.3180268 136.6522448
128.8912700 130.5984966
132.2388553 140.8019611
132.7316193 151.7112598
130.5086646 137.3412749
130.6532707 134.6469859
130.0057888 138.8181948
130.4678226 137.9998225
128.6588970 138.8095451
116.8135355 110.5644377
115.8970123 99.4132511
102.2380907 68.8612774
102.6463925 72.1743396
100.6774497 93.1077895
97.3468095 88.8925666
107.4084723 91.2428279
109.9315343 104.7813346
106.9792227 116.4383773
108.0733271 121.9298920
114.7235609 154.3728381
121.2841319 153.1620451
117.4924059 201.6526709
121.3649075 207.5263707
128.6780541 190.8440420
133.2773648 196.9442568
134.0543640 197.4596446
133.1397895 196.4720708
140.4975701 180.4127937
138.9508262 165.7337278
134.2347563 177.6033363
124.6887801 163.4777691
135.8609460 174.0902108
138.4708599 167.2128913
140.7910218 177.3418669
144.4460152 178.5461765
141.3638768 172.5170310
137.1941843 169.4471099
137.6852893 169.2254845
130.5478872 156.0395081
117.2185457 150.0119564
128.0419348 145.2604799
115.3346246 140.8889215
121.1699401 129.7352824
119.4283999 137.4708646
113.0307890 107.9978119
121.8334322 136.6232476
124.1910788 132.3343482
124.8505815 137.1274636
127.9799213 136.6108070
118.6454495 107.9567146
121.6880888 124.7687799
107.6632939 83.5722572
98.0951719 102.0305367
88.8703100 53.9308656
92.1617474 103.5482522
81.1251950 46.3407526
98.2318585 95.3345267
109.7430316 115.1542405
118.3484428 108.2067414
124.5787226 145.9444348
132.7947652 145.0394579
139.7827818 174.3774279
146.1638295 194.8707448
149.1904059 191.2090593
153.7079535 210.8337155
162.3592495 240.6129557
158.1107432 234.9005970
163.8843874 236.4230086
163.9093508 239.2266326
173.3625568 261.5157450
170.6692472 256.7549226
175.2499012 264.2408261
173.2877193 263.5944406
172.3901820 258.8577566
171.0863969 254.1572185
169.9701006 248.8344952
175.8282202 268.3467527
176.0848588 264.6233593
177.2574412 272.2463571
169.5019840 256.0465042
185.4770124 290.6523598
130.8441038 281.8357135
176.0677820 303.1322079
171.4389260 280.3234370
180.6699234 283.8820388
168.6619442 271.8958847
178.9260002 284.7583279
172.1365848 261.9993195
177.6836493 284.2252077
173.2742106 269.8846222
174.4835008 277.8767532
175.4958882 286.7479896
177.8252402 289.5198622
178.4611620 290.4058686
176.3295160 295.3897555
178.4523932 289.9321662
178.1749255 295.3498960
178.6555501 293.7626045
180.4911243 303.3476594
173.2363310 294.3885342
184.1040249 310.4768703
185.7117421 306.9829163
182.9757604 302.6698010
184.5943268 301.0914221
186.2812792 302.5803029
185.7617611 306.7654533
184.8796943 307.5290652
183.0810912 299.7171992
185.1636004 307.8500762
179.1374519 294.4264440
180.6186273 296.8895914
181.1352488 301.0327780
179.3929318 286.6116690
181.1909951 292.7624044
175.0899168 291.2905134
175.1336554 286.7059329
169.2405134 263.7051682
175.0695089 271.8835060
174.2201737 279.4888641
179.8588628 283.1804751
177.1923336 278.4610595
177.4318427 280.2513929
181.9249931 295.5567753
184.2212712 305.0477829
180.8501972 288.6407259
167.6255151 280.9034726
163.2058198 309.2982929
124.1232062 286.9954091
148.7071744 291.4997756
180.2351967 299.9487121
178.4754475 293.4857546
185.6428031 295.5123667
180.9157525 290.6117885
180.0323427 296.4364377
179.2669825 283.6661849
177.9426183 294.7892641
178.5002266 284.4616411
176.1391963 274.9907798
173.5137988 273.4520747
163.8533148 270.0467215
170.9335881 275.4045074
160.0915687 269.7409982
173.1560952 276.3416689
160.9766637 274.2806440
136.1701052 287.4219796
138.3840014 283.2456491
174.5156267 289.4696665
66.3030062 296.6075115
158.4401786 296.9011655
0.9611887 323.5141937
154.8456583 303.8131300
51.2288494 297.2291705
166.3608472 291.7884781
-43.0722529 318.1564387
174.1369360 288.6731891
167.2730781 298.2056654
184.7285972 292.4380821
177.7020163 288.9963354
178.9229983 280.8938791
185.5038586 294.2077740
185.3691931 294.1803861
182.9212385 282.1172055
182.7004124 284.3039053
185.7099647 292.7776612
184.0153758 287.8965176
180.4505851 282.2559399
182.8012272 288.5595834
181.9108524 287.0644514
181.2401188 284.2932906
182.2415781 281.7897885
181.1697446 279.7619695
184.1241957 279.6723166
179.7753486 276.9828244
178.5187780 278.2321771
177.1883705 274.6884916
181.0123803 277.3461087
181.6753458 281.0756605
180.0860483 280.3021147
183.3333849 283.4712821
180.9530659 285.9368434
183.6328668 294.6363251
183.1797994 294.3457348
187.6280788 293.6319162
187.3352591 292.7057408
185.0943191 286.3337359
187.2557738 284.4919380
184.7365761 280.8466543
188.0562092 285.6940040
185.8807323 289.7159719
184.2510140 283.9970989
186.5215520 278.3644436
185.8911601 284.2051541
185.5592099 289.9413264
173.2009135 289.1708753
186.8185981 286.2351085
186.5189845 291.8299159
188.7002678 294.0918473
189.8227785 293.4518369
187.7288804 293.4638752
187.8994769 290.4149979
190.0380353 293.2280607
190.7456347 298.3312784
193.0106823 297.8706355
191.0752017 296.9261087
195.1146527 299.9979794
189.7035835 299.8035407
192.7113584 306.1029754
190.4585555 299.7687565
190.9888173 297.2672970
196.2032469 309.3090314
190.5367768 296.4097306
194.2351270 300.0982160
190.5727078 295.2229523
192.6839723 303.0435453
193.2643058 301.6472264
193.5363095 303.4764290
191.6346533 302.6189864
192.4368399 305.9564115
193.2419888 305.2610372
192.8734362 305.5190406
193.1216878 309.2391536
194.0093372 303.5850522
193.6895527 306.2377487
195.1284905 311.0841081
192.6034601 302.7219773
193.1436493 305.8863479
192.2345256 305.1848153
193.7620730 302.3600237
192.4855554 300.5639961
190.0275022 296.1858925
186.0816246 298.3544575
190.3594523 303.4531879
193.0000570 312.8326943
195.1525981 307.3453341
197.5862935 319.4667256
194.8594360 323.4743033
197.8340317 322.3833363
198.1385958 316.6411604
200.7403466 319.4036561
194.2184979 318.1932035
199.2902305 315.1699502
194.5186776 313.0635263
194.9386712 325.1978845
193.1501930 314.1076090
189.5709457 315.2872385
181.0020447 324.2916079
185.6709001 316.6797820
188.3028018 318.8514416
193.1076130 323.7625726
192.4257801 313.1754299
192.3132078 311.2755758
195.1096100 314.5804758
196.3629943 316.3964022
197.0952543 313.5633169
195.6957629 307.7993854
193.4096492 309.8502598
193.2815274 316.6175789
200.4120172 309.0797776
110.8022649 1039.2584010
166.0222217 303.8533917
141.4228357 317.5232366
134.0774183 318.8081161
98.1517412 320.9894622
99.7513678 328.5756642
107.6486661 329.1604347
112.0932787 335.5159450
127.7696941 324.9937595
122.3539772 327.3370810
146.1211442 316.5002287
166.9741755 317.4905877
166.8246320 284.2115292
168.6549529 309.3413089
175.6569259 307.5179243
178.7570627 307.6112599
175.0491801 301.1919682
172.9391400 295.6553099
166.9526748 253.2321108
172.1734111 294.8099675
174.0259568 313.4762017
174.8824677 320.3702789
179.3637552 307.0314099
181.2171303 326.4678787
182.7758819 324.8694463
173.9698286 299.5862015
167.6092678 287.7294050
144.4950993 301.0418144
152.6007026 282.5741038
137.5636454 289.4887297
146.3043014 287.1031039
164.0828307 307.0295531
181.3930460 305.5820792
183.8577877 313.9807581
195.2175609 316.0291258
179.7189834 311.1676334
192.6186804 322.0061879
170.8119968 322.6433822
158.0181706 324.4666120
150.7618894 315.8566594
161.1483530 323.9149546
125.7161377 321.9949232
142.8382189 322.3614260
126.2194743 328.0612977
129.9475672 315.9471787
105.2736992 329.2575457
104.5769752 327.8892955
104.5205310 326.5586766
95.2312395 327.6269286
82.0064719 339.2796930
113.1336840 318.4760262
94.6921760 335.9184698
89.6853272 345.3344315
99.7622168 322.6284039
98.8355753 325.9729468
93.8420113 333.3988754
102.5467627 331.8714659
57.3351252 346.9209184
81.2467666 306.3123923
45.4425227 347.7111755
30.5421751 307.1446442
47.1887468 53.0925829
47.9076166 -26.0704092
64.3938254 30.7328770
29.3237704 343.2979783
74.2560640 322.2349774
3.6296592 360.5185953
16.3362671 363.5187623
19.0053210 367.6965164
37.1440851 356.7283259
48.5264123 354.1419484
7.5849265 364.0125183
-15.5234125 367.2648397
20.0200075 361.1177870
12.9651107 366.1574090
0.8470148 363.3569726
-7.9395681 376.6608098
17.0273937 364.4685811
5.2948839 371.2144851
38.8001723 360.8487047
31.9972515 368.6991304
43.1624622 360.2625107
57.0374734 349.2831484
63.6667464 353.4823486
59.8786148 347.6981160
34.6014019 358.1569843
43.3457543 356.9870101
17.8019786 367.2475405
41.5483691 370.1003080
29.6868096 356.4209934
9.7271230 365.7097947
45.7234236 372.2866983
17.9292413 369.0480244
15.7738053 371.7280160
34.0918080 360.6198532
59.5844060 346.0002515
34.1632124 368.8633340
60.2738491 354.2727914
67.0750022 347.3697087
74.2386251 342.0663272
84.9301927 336.1782062
67.8019299 346.1191800
87.8032296 335.5875558
90.7296232 343.9151191
119.1486281 328.8027827
97.3441499 332.4067834
128.0529814 317.1100042
115.1166951 326.1726154
130.6793137 314.6714594
135.7177224 310.3506693
133.3352704 317.2074556
135.2401392 314.8855492
137.6679887 320.0297405
130.4285473 314.6864067
130.6295449 313.4517228
131.8185589 314.7305987
130.9424038 312.3536071
128.7189356 312.4199879
126.8058511 312.9907704
125.5348633 315.1376108
121.4045513 317.8069258
123.4224138 313.7372688
113.7991775 322.4944353
119.6782842 321.6744693
119.5090834 320.9141377
118.6407886 315.6365349
118.0973209 321.2288046
122.9812487 316.7254594
124.4533920 321.0691192
122.8645685 320.0306379
116.4624283 318.9507189
115.4268681 317.2859985
118.1156748 319.3429694
115.7917210 316.7149066
106.9558590 321.8486997
102.6107512 315.4857931
111.0655788 318.8202782
105.0319451 318.5446662
109.4438064 323.1416873
102.7884246 319.2915049
112.0201001 323.3591194
108.4469224 317.6973741
109.0036486 306.6102861
104.9576079 309.1176256
106.8493959 320.1090880
103.7301876 326.6005785
99.0259016 326.9766438
93.6714017 329.6044901
92.5212482 322.3352760
93.1269071 314.5196345
94.4102515 334.8792149
92.1235057 332.2885976
92.4487740 329.1380911
89.8343045 309.9764917
87.6817634 323.5360422
88.6009132 336.0093605
87.6874579 335.6445598
89.9671464 340.8706981
82.7262370 340.2423856
87.3098402 334.3782174
85.3255388 336.3473922
96.2022911 321.3982692
85.8473939 342.1502549
84.6180908 275.5367430
80.6351565 327.7465999
86.5613988 323.0088018
84.3140402 329.7284010
91.0464650 312.8745962
95.4726842 283.9766740
92.5292731 285.0795556
105.7686817 296.5921000
89.7613563 298.7532068
116.2705550 270.9456327
94.3353020 286.7097084
120.3717166 290.5712173
80.1109249 308.7515560
110.4191634 204.8787030
95.9997334 199.4974749
84.6098618 57.4433295
72.6611707 49.3669768
87.4845512 199.9104597
79.7154734 246.3566171
64.8377488 347.0858338
59.1355255 309.9382105
45.2188198 311.7748403
44.1842899 327.6829423
13.4344509 287.2013600
90.3280560 140.3703772
12.5896836 28.8244661
87.7219340 122.2779892
61.0325998 205.2543042
85.9987346 198.2764695
46.1778834 244.5837377
35.9046307 340.8364400
21.9349979 371.7926638
21.7850677 299.5022119
11.4187593 356.5283788
20.3592436 80.1411175
53.0693676 170.5845126
61.5463444 110.7078141
68.1783823 121.9060475
48.2150411 75.2359515
37.2392383 74.8991654
34.1473766 67.9110022
46.3589010 103.3165536
7.4445172 138.7719448
6.8644233 206.3144482
3.6282731 366.6253554
10.5551246 352.0611484
25.0820004 354.0626318
5.3556487 311.1683143
37.5050111 334.5932047
60.8102464 -20.4491037
42.5468989 224.4639639
66.8070077 -3.0870460
63.8607197 -42.3831075
71.0949077 -40.6201504
70.4640747 -90.8205590
62.7933299 32.8066559
72.8784156 -26.3196082
66.0704291 47.5381147
65.9828662 39.5341426
40.3392764 246.0601933
67.0878526 -26.5908084
46.8854631 259.7718937
53.8803164 37.6348650
31.3925965 289.8041393
62.1478822 -66.0348920
67.0094799 -198.0371116
63.7844799 -117.6789256
62.8287737 -75.5450557
62.7778989 -144.0972366
64.6349540 -90.9307605
58.1346060 -44.3692181
45.2328617 30.9281763
-7.8800043 322.3078262
16.0068185 258.0421386
35.4628436 14.3101483
17.3007865 130.2304465
14.5607989 197.6735178
46.4690409 -29.8491993
20.6857610 256.4145543
18.8244465 353.9613739
22.8846657 373.7245788
28.7706387 364.0226069
27.2276324 376.3268939
42.9115181 365.0212597
44.1239880 353.6773752
31.6590473 368.3366507
32.5589414 369.6085635
22.9157498 375.9619695
47.5763577 369.2847364
40.9777854 368.7404753
30.9248716 341.7908389
44.0703482 302.7363056
49.3172329 186.0267417
51.0501326 259.3943893
67.7435173 -90.6721847
63.9958262 -35.5859673
69.3101688 -55.3479343
43.8550158 225.7734462
29.7614958 333.7339672
40.4978059 301.0727303
29.4760295 361.6667210
34.2457885 345.6219271
35.9324677 341.1064198
27.9196939 321.1233070
27.5649347 331.6222205
32.5626741 342.1131187
35.4391869 353.3238701
29.4800913 347.3744435
42.8152588 336.0234413
30.8020559 353.6650894
34.0298668 329.0263113
21.7389789 370.3297784
20.3860634 371.2739029
14.9742685 378.1355478
13.2727920 379.7998659
19.6302768 379.1574416
33.5779712 385.1759414
3.2411026 379.9527431
9.0846509 380.0281294
6.2094781 381.1571610
-3.5072080 383.6101579
1.8719220 390.7923187
4.5191099 380.3678632
12.7716352 378.6662852
6.0089192 373.7137784
9.8688580 380.9935763
20.6623479 373.8918771
12.7762797 378.1697750
10.7648901 379.3145894
12.3475543 378.2509175
13.0526135 382.4624964
8.3782982 380.4736084
9.2091067 370.9703149
-4.1435289 377.3373065
-2.5204623 364.7751399
6.0011189 384.4701072
-2.4765313 376.9356482
6.0385710 372.9770592
-1.1677243 374.6428009
4.2693873 375.3860807
0.6438866 364.0324480
0.5881967 376.9789118
-2.6410336 375.5058138
-12.2461989 379.1176131
-7.7657631 377.6101643
-16.1347955 384.5589244
-17.4384457 387.2812203
-19.8974419 384.6818451
-28.0652413 383.0657421
-28.1086442 381.4622344
-29.3300607 382.0594764
-26.8334153 385.0838129
-23.8601511 372.9410371
-20.5605818 354.5666002
-20.0212846 324.0898039
-18.3249528 327.5282703
5.9038866 154.7885772
0.3906095 275.9213497
26.0860090 198.6133871
37.3518074 337.6992407
13.5984955 294.9333833
28.4698039 367.2761662
5.2933743 366.4007745
32.0335972 340.5955193
-2.7130347 381.1108337
-14.9797227 380.8756381
-21.4213537 382.5233687
-23.4613998 386.6638629
-23.1547323 381.3516306
-26.4014288 384.2213569
-27.0676562 382.0920943
-38.3640565 381.0610712
-40.3102150 379.5224899
-36.5377415 384.5616168
-45.7644994 375.8389560
-43.3646908 377.7392124
-43.8688833 386.2393658
-47.0454508 379.3926063
-46.1952564 379.0971882
-46.0753768 378.8099711
-46.2731881 384.2635993
-51.7111659 377.2552356
-51.4984701 367.9626588
-49.0362958 370.4249397
-50.7337352 386.6374962
-49.7423021 385.7643636
-50.9742154 379.2781960
-52.3575780 387.0500478
-54.1633502 386.1776889
-56.9114055 379.6602031
-63.5296451 359.8484736
-54.2858335 387.5316417
-58.5112033 341.1394710
-56.4627159 382.6981252
-62.6498627 380.2467685
-58.3673806 382.1984275
-60.5694667 387.4193048
-59.7745414 383.4870207
-65.1280867 380.5040910
-66.6561936 381.2026218
-67.3457025 379.8313698
-57.1659507 386.3971944
-69.8177778 377.5339423
-66.9569000 385.7545535
-71.9307606 382.0272917
-75.2637905 382.3847890
-74.3022055 377.4842728
-73.4676166 382.0496663
-73.9780169 381.1974228
-75.2067012 381.5231686
-74.5957494 378.4297589
-74.6508506 387.6815788
-74.1334918 380.6371003
-74.7350889 385.9005295
-73.7353873 378.1968534
-76.8773734 385.6564212
-78.7015719 387.5276805
-79.4094478 369.8318136
-79.8492765 380.5951674
-79.6189508 373.0394479
-77.2528449 376.0526126
-78.5916328 378.7370915
-75.4974735 377.1958178
-79.7428002 357.2753722
-77.1845313 380.8689536
-79.9835404 362.0853692
-74.2013249 379.1111143
-76.1649551 376.2027973
-78.7041262 373.9015016
-79.5273393 367.1293238
-81.7814259 359.7609252
-80.4260616 358.8536892
-82.1819596 347.8122786
-81.8276596 348.6371961
-83.3558192 349.7670014
-89.4349755 313.0478673
-87.4728924 323.1843320
-110.4165499 207.5666634
-104.9128489 101.5582424
-103.2267786 133.2804378
-118.2632433 84.5127145
-126.6927257 -307.8733172
-138.3035023 -116.0696928
-138.6360055 -272.8882862
-139.6570958 -212.7848794
-123.6781834 -350.0528878
-144.8465752 -289.1542259
-126.4346125 -312.5806946
-129.2958458 -301.4188391
-108.1767357 -339.2660454
-115.7523799 -304.8625355
-102.0424584 -296.4833839
-108.8346650 -136.3437208
-93.4977177 -150.4521435
-98.5844666 213.4657396
-80.4860870 182.4002736
-80.9158763 325.3421894
-72.4682375 298.0672095
-71.6716336 281.2908644
-58.4871286 294.1800457
-70.7958471 321.5895513
-81.1796840 308.4129673
-71.3081961 342.3148608
-81.7529010 288.1690350
-80.1153817 326.0629091
-78.9733650 316.7724057
-79.1669630 322.1168536
-78.3656653 314.0477269
-76.5091763 314.0488410
-75.4222015 319.5371915
-76.7369147 318.2802878
-76.7245054 325.8481074
-72.0933124 330.7309221
-76.3464796 328.7575385
-77.0662579 328.6685665
-76.3072373 329.1946618
-78.1675774 332.6108465
-76.3805673 321.9433659
-79.5811832 327.4977258
-78.4646960 325.2399103
-79.3592642 328.3474626
-79.9707954 311.1594325
-79.2732945 319.8549840
-75.3837228 324.9017238
-45.2274701 327.1999558
-28.9435458 342.2920530
172.8939268 296.4949580
174.0035213 303.3151962
184.8846712 302.6907829
181.5084754 293.7879190
180.4610524 286.2098869
183.7315092 302.1304914
180.8529489 288.5386943
179.6624076 275.2001658
141.0627491 274.5964869
155.1902350 269.8000137
74.5743935 290.7689054
171.1534794 256.4524177
170.7047701 272.4617776
169.8865864 266.7868490
177.1198659 267.9316016
174.5228814 262.9288062
182.0268875 279.2728555
180.1654414 275.6009886
186.1449811 286.7197042
182.6324740 285.2275740
187.2947462 288.6584584
184.8097678 284.2317684
185.9819553 288.7968834
188.7198593 294.9109468
191.2478522 296.3008289
185.1413230 288.7711666
187.7789521 299.0275501
189.7111805 305.3698771
185.9939235 292.4982117
190.1627865 297.7858722
184.8497935 299.0277358
191.4466115 305.6884123
189.2535180 297.1657296
177.7989734 311.6424809
187.5268559 299.8422552
184.5129587 310.2358876
189.3683550 306.3767926
189.5421640 309.4520365
173.8431815 294.4879352
154.9822724 638.3696627
182.4090673 285.4719917
168.6946231 255.1044222
177.6296277 286.5199737
172.4113272 251.1257024
125.9401237 255.6020156
-145.2228696 343.9088369
161.1501305 261.1153555
173.1762792 270.5088808
155.8411269 267.1497929
174.8428238 288.7297907
177.2484091 285.6787782
174.8800846 286.2904414
173.0060778 280.0879320
132.7494598 262.2746530
148.6533503 251.6889339
-63.7686342 296.8059113
-59.8765675 307.3360810
-13.3213001 292.7006656
-57.1684128 304.3918968
94.4492239 123.2437068
-22.4412048 226.3267592
29.2734157 98.1725713
81.5436679 26.9834264
61.5202816 -23.9322455
64.1663042 -39.1295637
48.6034387 -30.9161922
75.6453449 -44.0425902
76.5858769 -42.7917792
76.4690847 -39.3640901
77.8555019 -19.8104297
76.5618483 0.4225719
71.9471856 -51.9888272
70.8455896 -27.4322863
65.5167970 -70.1537389
66.9324238 -44.1348581
40.6033441 -101.9737030
61.4904005 -80.9861040
45.8392941 -100.7580204
59.1793695 -74.7042857
68.8138498 -27.4783061
72.7011569 -3.7616801
-55.6638078 240.8676013
119.5596685 183.5066057
-64.0832903 265.0185807
-62.1555582 273.8049609
-40.7887593 273.6603466
-63.7057254 274.8125883
-57.7277327 276.9602332
-14.5304406 268.1901619
63.9737726 258.5480257
115.4036558 240.2644485
-40.7464854 300.8601878
107.6710489 218.2673189
107.9714788 271.2273104
-64.4338051 280.4648329
-59.6423578 278.9492141
-63.9373545 273.6958735
-61.4122516 266.0928055
-19.4014291 291.1426187
7.9034750 290.7173480
-49.8376002 276.4495803
22.2229231 270.9380817
-63.7937424 276.8026213
26.3144370 243.4362309
-74.5522872 250.8772616
-71.8334810 240.5516037
-52.4737777 248.8958008
-56.8715576 261.6339927
-17.5644938 229.3071048
-79.8723439 213.0814733
30.6227334 166.4471131
-83.5796538 196.8051665
-87.9374079 191.3171874
-94.6531180 179.7526369
-99.0716020 175.8119352
-102.1867945 163.0649235
-94.5689719 184.6404340
-85.4614090 195.1033564
-91.1361805 206.6820496
-57.4413579 133.5192696
-87.1163540 207.8100753
67.0760226 50.4759820
-79.3458082 187.4462552
-89.2927196 157.9236258
-100.4699413 109.8307126
-108.7738825 110.3808149
-107.1002940 103.0206327
-110.9386288 91.4492894
-109.2945000 78.2639319
-111.8512021 89.2225289
-111.9610753 78.0208295
-106.9125154 87.0321232
-107.4024486 77.9789507
-97.8166048 130.4690152
-91.7225376 100.6066674
-96.8930640 118.0992990
-69.9972748 104.2311162
-72.2329087 82.3514220
-18.9471717 4.3060285
-97.4478876 123.0843851
-103.5666088 125.4072275
-98.8233965 129.3576388
-99.1928312 143.8246573
-93.2995904 145.7873643
-97.6433158 144.1794313
-88.2842427 165.7502379
-89.5561389 137.0196605
-88.2137895 167.4349499
-96.1293364 160.3098859
-85.6448164 206.8715831
-86.9283517 188.7571146
-87.8708454 211.1777509
-86.2469138 213.2083706
-81.9495998 225.5439294
-91.7987444 201.8393419
-112.3103260 175.9578183
-95.3389601 195.9913589
-99.3503601 184.0407472
-105.5877826 149.5322348
-107.1419194 142.3717677
-110.4484717 123.0334931
-103.7546902 159.7148721
-105.9943201 151.2353602
-103.8237543 169.3535268
-102.4633473 174.8017238
-98.3373539 182.3919180
-98.6003387 185.1824979
-98.2402191 185.0696814
-100.7967039 177.2554789
-100.4565512 173.8713087
-102.6499013 163.8954269
-99.9107662 177.9895986
-101.2882303 170.0515161
-100.8708503 172.0977949
-101.5601814 169.7419554
-98.5712476 182.7815999
-100.4008377 173.9128084
-98.5150733 176.8484513
-100.3036700 178.3738184
-99.2539231 180.1905030
-98.3832189 183.3987871
-99.9952087 174.6410481
-95.7036352 186.3317841
-99.7349032 182.7321934
-93.3531380 198.2561839
-93.8112218 195.8013456
-93.6665433 193.1562930
-93.9888030 194.3208978
-93.2159051 189.0702497
-91.5297492 199.0165928
-96.0215895 184.9928096
-95.0015525 187.6795476
-94.9022189 183.8988562
-95.4156738 180.3376549
-100.1552457 163.9363385
-102.1057556 159.6112159
-101.0355350 159.6946948
-99.7870288 167.0825125
-102.5514038 154.4701502
-103.4791579 154.6128613
-105.7669964 150.7446061
-103.6306368 159.8560823
-108.9552952 142.2525142
-102.5818905 154.8570315
-106.9808488 145.9204819
-105.3257655 147.5754386
-109.3546505 135.1944655
-106.6302287 142.6819473
-106.4985652 138.6010876
-104.2942343 143.4960180
-105.7182151 144.6805216
-102.0589032 154.3420151
-108.8394049 129.5860416
-109.7068834 112.2633465
-107.8469514 91.5641019
-109.9735745 71.8477659
-98.3744040 22.5759833
-91.9686562 -52.6487325
-36.4814060 -245.3098112
49.2211087 -255.3870282
37.8569247 -292.8733177
64.4472413 -254.9129544
59.4667317 -255.1563354
71.6868539 -232.9235926
72.4693896 -264.9066771
71.9097339 -253.7964099
69.1459448 -262.2390642
72.9395536 -223.9341085
70.8455501 -243.7343258
54.0002816 -279.6393583
44.9530240 -282.0728278
41.3035737 -260.5986371
48.6312691 -261.3421645
1.4788178 -230.7309045
64.9639747 -188.7477842
67.3691978 -131.2378262
42.5412637 -208.5160025
33.5639787 -104.8107959
11.8463540 -162.4442702
60.9740358 -114.6120760
-64.5995892 57.3070515
-24.4067852 -22.4821894
39.0025293 -17.3913524
0.0518072 42.1770871
28.4064573 25.2226298
50.7439984 60.5857202
53.3407229 -0.8394334
83.3139173 82.5939984
69.7852240 60.1853578
76.4432655 72.3296383
-44.0797128 126.1853458
-89.5819515 163.3780895
-89.2626872 183.4575396
-94.0679723 172.4454511
-91.2645788 184.3464396
-93.4533932 185.8835509
-91.8302383 189.1035175
-87.0243475 192.6535315
-88.3495609 198.8947863
-94.2373838 199.7709671
-97.1084458 195.0475902
-97.3254471 182.2692604
-98.5322620 193.6506369
-94.0129567 213.4831007
-93.5845498 219.9530213
-95.5744206 207.1917895
-89.2262427 231.8786744
-91.3330965 217.4076792
-88.9788798 228.3101696
-94.2709119 205.7694443
-91.3155392 227.3276556
-96.7788788 204.1106038
-94.7313591 218.8852489
-92.2074544 215.8208673
-94.3453874 215.0835447
-89.6337611 220.2426832
-94.7409442 213.3463159
-83.5426498 240.0263284
-93.4790149 222.0828873
-91.2597863 218.4525509
-93.2604666 219.5215148
-89.0577397 213.3811156
-98.0316969 189.2480389
-97.7301084 189.9525425
-101.5499775 152.7773920
-104.4144299 135.8880139
-105.4320180 111.5002916
-108.5459663 102.7871470
-108.3469042 72.7456173
-110.1467120 86.4726286
-110.7649646 90.7184656
-110.2540903 92.1842059
-103.1781158 125.2837267
-100.6380428 128.6680980
-100.3061782 157.8944584
-90.3139219 151.2118716
-94.8909353 166.1199746
-68.2595068 134.8545460
-93.9690535 156.5537354
-70.2611285 131.8819216
-88.4728441 180.8773204
-75.0820816 72.0331991
-95.1812469 168.1464475
-96.1887430 83.3409068
-93.5634705 150.4987184
-94.2892592 88.3835693
-99.2544103 89.5673844
-79.3443928 -0.6714380
-105.9438206 76.9412277
-103.6915575 50.7984745
-112.6344290 44.9457721
-108.3235471 38.7172017
-109.1146146 69.5485204
-110.3604349 40.7224915
-92.7109753 -51.9030349
-93.9758737 -29.7896209
-60.9097906 -96.5949738
-105.0105301 23.5371344
-35.9436492 -39.2512426
-62.2305011 24.5121399
-92.6662097 42.6997667
-105.8655334 78.1776910
-93.5697245 144.6005242
-103.2553233 131.0721835
-114.4352572 90.8980498
-100.5082554 88.3481275
-72.1045828 4.6024953
-85.4040235 142.6520218
55.7988024 18.5841885
34.6860780 31.8278497
89.0587535 64.4489041
-94.4392109 165.0428408
-56.6318311 32.1782621
-98.2130042 146.2785053
-101.9461333 132.6607903
-105.2636730 118.8473292
-105.0937414 107.5966023
-107.9634144 87.3021417
-91.2279039 99.0321646
-78.9630689 -7.9240060
5.5218076 -174.5915642
-5.6316842 -199.6490058
30.9955750 -180.1833852
41.1221248 -245.1804845
36.1746957 -222.2838867
44.4725639 -186.1699943
12.7416431 -83.7884282
70.1294320 -79.0808729
39.7897259 -7.4056590
41.7002134 -59.2044685
368.9914742 180.6378852
53.6111829 -106.0603729
-17.1415773 -135.7433532
70.7313583 -101.5999509
34.5988015 -127.6860559
55.5089517 -69.9817986
-16.0625682 -82.7691649
68.2907440 -4.9982559
56.9034662 -18.0245430
-0.2065320 48.2580762
22.6524310 57.9306137
-94.7584884 140.3678241
-79.2941434 186.8368357
-79.6290165 115.7942200
-84.5676242 96.8514143
-110.2090679 59.8028362
-101.2744320 127.4525625
-114.0803581 63.5773227
-112.4981309 97.3175425
-115.8546035 49.4030801
-113.7760310 88.6995592
-117.6806980 49.2631078
-111.0083052 97.5298916
-113.1002678 88.0907122
-115.0371045 67.4164030
-107.5268839 121.0930059
-110.8471490 87.4190663
-107.5280754 121.9803585
-116.1403266 65.2786145
-112.4376315 99.5030587
-116.4967135 76.1431797
-111.5893232 89.3283747
-119.0819800 46.1497181
-115.2761397 85.5968810
-115.9946935 70.4585416
-116.3730287 69.5891845
-119.6373500 25.6765359
-118.4538658 61.7025317
-114.9392390 62.7132498
-118.0962150 51.5022354
-117.6388289 33.0412325
-117.8660671 33.5663337
-119.6587585 5.8162877
-116.8710198 34.7728869
-118.6224873 6.4053873
-117.7422770 17.3446711
-114.6472224 29.2361531
-116.8199870 17.3950873
-115.4165720 52.9371101
-116.7715085 34.5445035
-113.8903545 75.5711825
-117.1403639 38.3849725
-116.5473513 54.1340854
-112.2584506 57.4950339
-111.5870323 43.8286783
-114.9414509 38.5870666
-118.9505139 -3.2375760
-114.6405076 21.2751082
-101.5373641 -66.5497924
-103.5114220 -15.6053080
-118.3923526 -48.2231063
-120.7097101 -40.0420529
-118.6492940 -51.7582117
-118.3693378 -40.9566851
-119.0847186 -41.7589921
-118.0441552 -44.4212435
-119.0500911 -29.9156188
-118.8681847 -13.1282800
-118.0901058 -23.0786887
-116.7579735 -9.3283987
-119.7215357 -7.4711177
-118.3431763 -24.6514952
-118.5155502 -33.6024757
-117.7752851 -41.2993550
-117.0249081 -38.2350778
-118.0123848 -45.4861804
-118.0806260 -37.4961344
-104.6203056 -38.2636804
-117.6904279 -31.3152433
-117.9890803 -17.0628291
-116.7246757 -29.2299560
-111.1112924 -20.7866518
-117.0261721 -30.3745093
-113.0289720 -26.1317960
-117.8238689 -33.3380315
-118.7096354 -35.4412717
-117.9227482 -29.9718162
-116.5518278 -26.0326889
-117.4896936 -23.7819718
-116.7667949 -8.7301248
-117.2692230 -25.0755455
-115.6894316 3.6672716
-115.8526154 -18.6088550
-114.8014399 4.8897062
-115.3374159 -7.9759439
-113.1618732 -4.7569319
-113.4804200 -3.0008254
-112.8259732 -8.6590797
-114.2238319 -5.8398880
-112.2449287 -9.0394756
-114.0136969 -24.3001061
-112.0108573 -20.9393820
-112.8399690 -11.2507105
-112.7558228 -12.1051386
-112.5912039 -22.7661958
-113.9051798 -39.7025318
-112.0512912 -44.4460744
-116.4087227 -51.7589157
-113.7166507 -61.6108402
-111.4892063 -74.3700682
-110.8774448 -88.3650167
-109.5377089 -84.2378065
-112.3409510 -83.3339747
-104.4867264 -125.9023142
-111.4453228 -92.7718544
-107.5656983 -97.3018061
-103.7510234 -114.1155967
-90.5936543 -156.5546638
-82.1537573 -205.9203254
-78.9133264 -240.1787104
-50.2412675 -336.5826807
-47.5602322 -342.4163972
-51.1791201 -326.0288676
-46.4911735 -314.2497785
-58.1664225 -330.7026677
-38.3647477 -357.3943626
-60.8836159 -345.3461293
-54.2129281 -365.6439400
-57.5068276 -342.4941355
-54.7174398 -356.1217380
-46.2058455 -338.0505795
-59.9746107 -347.0579198
-46.7212457 -354.5146715
-50.2806974 -359.4232648
-41.8392007 -364.5709840
-46.4079260 -364.3561514
-47.5916800 -366.4502584
-42.7350692 -366.8434064
-43.8872997 -366.2967933
-45.3984220 -369.7844032
-39.2130198 -354.0048232
-56.2668927 -335.8078350
-66.8338604 -355.8229468
-65.2262946 -355.0241174
-76.0674187 -366.0481978
-81.6519217 -360.8477144
-97.7713718 -340.4110765
-126.7105266 -143.9956693
-96.9778685 -338.5223942
-115.1225410 -254.8283305
-121.4088962 -230.2436010
-130.3296812 -132.4938788
-129.2117523 -143.8332915
-126.0665602 -130.9442031
-124.2463643 -112.0734338
-125.3779335 -105.6554110
-124.5736667 -106.5115306
-123.2611918 -101.0236289
-122.4242724 -101.9090551
-121.2626444 -101.9589568
-121.3278837 -88.7926317
-122.6153952 -84.5970987
-121.4771901 -88.7405792
-121.8998565 -78.2179373
-122.0000788 -86.5036450
-119.7828251 -88.2676117
-121.6780297 -83.5340998
-119.9176617 -93.9465479
-121.5706581 -93.4182167
-120.7906305 -91.5595760
-123.6465446 -90.5419142
-120.8418082 -84.5379980
-124.7360869 -80.2897781
-124.0138201 -97.8183544
-127.3521890 -103.2681993
-129.9170871 -102.9259820
-129.6697571 -122.1946805
-127.7446912 -121.2623621
-128.6247172 -123.2011937
-128.3905009 -128.1472172
-128.7119048 -125.5092900
-129.3423757 -129.6130039
-129.9514381 -127.1832945
-129.5194632 -118.0635941
-129.4098533 -114.1766315
-127.8024651 -105.7664636
-127.9855828 -108.4833979
-127.0606990 -95.8898436
-125.1272198 -97.9026457
-125.2618063 -87.6532175
-126.4734664 -88.4562788
-124.3378704 -85.7758926
-126.0260473 -88.6952576
-126.9381334 -104.4878198
-128.4697755 -122.7839459
-125.7478554 -99.8415236
-130.1609938 -129.2627095
-128.9616969 -121.3949536
-130.4604362 -135.0022396
-128.4262212 -124.1675303
-128.9597219 -121.4937822
-133.5629167 -131.0447183
-129.9105303 -116.3992064
-132.7385448 -128.5614244
-130.8691199 -132.0609024
-134.4661681 -137.6502322
-134.3706331 -133.6288367
-132.3567074 -139.0936985
-133.3716095 -137.2690761
-133.4754131 -145.3693042
-134.4110011 -142.1537631
-135.2376112 -141.8666697
-134.6688378 -147.8210168
-134.1869229 -144.2255729
-134.4726065 -144.8269773
-132.7291177 -138.1958859
-135.2152811 -144.2573089
-132.7911049 -117.3770165
-129.0232233 -93.3215699
-130.0926473 -82.9351867
-132.2316402 -92.3066004
-131.7971636 -99.3668232
-130.7419988 -99.6723221
-132.9952624 -126.7823557
-133.7207549 -138.2367511
-135.2444051 -141.1951245
-136.9261699 -153.2744438
-141.7256487 -157.7264019
-141.6962087 -151.2229041
-137.0419417 -151.1494364
-140.4628504 -148.9034116
-139.0809756 -145.4190976
-139.7700895 -137.6886062
-138.8720651 -151.7240718
-142.5866757 -145.6634070
-140.0648578 -161.6640863
-139.3186283 -150.2160814
-139.2688595 -133.3044061
-133.6654694 -94.5938773
-131.2589625 -86.5945589
-133.0764989 -76.8412463
-129.8488854 -85.4703628
-125.6330316 -52.1849717
-127.1047668 -53.6275484
-122.0979311 -14.5099001
-121.4295938 -21.1264630
-120.3519539 36.1787297
-118.4321545 40.8628235
-115.4774796 71.5418724
-113.6343215 86.2147799
-114.1200942 85.5188951
-110.9455280 108.1370724
-97.0576895 148.1811291
-105.4618266 117.4087834
-101.8899130 135.3894148
-100.3973091 157.5448526
-102.2897225 167.3057162
-96.5000088 178.3747777
-118.8827335 61.7866799
-105.8534401 142.9434012
-118.8960315 81.8435775
-113.8777148 108.0472339
-122.0067146 48.3360659
-120.5864994 57.8164936
-123.5365661 37.8903461
-122.1364690 41.6441254
-121.7640323 40.7890503
-127.1291114 -35.1375484
-137.3039127 -111.6403955
-138.2537467 -116.9480090
-142.0987964 -139.6472282
-137.1118024 -146.7090215
-144.6714890 -179.1197287
-143.3014903 -164.1515889
-144.9609250 -176.9883463
-144.6177439 -161.4398923
-145.3862773 -166.1811100
-135.5232421 -99.3615700
-130.6781946 -53.3792082
-131.4435285 -66.8393228
-120.7495515 59.0912188
-123.5073236 38.5949696
-121.3678436 41.3305068
-122.3447344 14.6417847
-129.8432239 -28.2162554
-133.2764431 -46.1217268
-129.2926859 -57.0344800
-125.6373634 -17.2813250
-123.5577771 -17.2276613
-133.2211839 -27.5409231
-124.9021541 -20.9488923
-137.5374575 -95.6429192
-132.2025820 -81.3223253
-144.1173698 -159.1158661
-141.7048590 -135.1190637
-148.6062411 -171.2010654
-150.8986352 -178.4848400
-151.7326448 -161.2969182
-146.3318717 -163.6515972
-147.2033791 -178.4556726
-149.1670356 -176.1850760
-141.7267020 -169.9859708
-149.1041926 -191.9484709
-150.9009920 -188.9724888
-149.8868666 -191.7129504
-153.9788118 -206.1009618
-157.5037216 -209.3739711
-158.1950737 -210.6583401
-155.3063096 -212.0462105
-158.4853523 -220.1976092
-155.8366108 -210.6828499
-156.5997064 -211.7840603
-156.7706847 -220.1901201
-152.0555496 -222.7610552
-154.5369994 -222.8432653
-150.1664278 -229.6680372
-162.3276634 -239.2913732
-151.2918352 -235.2049741
-151.4570598 -271.3797542
-156.6314637 -236.6956652
-159.1101617 -249.8685666
-160.2143449 -220.7715792
-159.5654543 -242.2157980
-163.8016237 -221.3185017
-156.4297156 -207.6909921
-167.4634504 -229.1917043
-163.6553982 -226.0342038
-166.6729951 -238.0208839
-166.5223720 -230.9855656
-164.5459441 -229.9353865
-167.2846381 -238.1630380
-165.7259129 -237.9209413
-170.2911227 -243.0446303
-168.1649538 -244.7347116
-166.5248604 -231.7035929
-170.2946644 -244.1327966
-171.2870389 -253.8216934
-172.9556770 -251.4950058
-167.4664787 -244.7395238
-173.8557422 -254.9495335
-174.6888038 -267.1472553
-176.3854335 -265.5893941
-172.7022641 -264.8340450
-170.7113269 -260.2930994
-155.1795571 -306.0393489
-176.4592177 -268.5203332
-168.0731448 -301.6394278
-179.5657271 -275.0471649
-171.3693155 -299.1085069
-176.9368404 -274.8958042
-174.2847678 -283.6180008
-172.1330168 -281.0766508
-175.9844653 -290.4111296
-130.5100076 -343.9658718
-127.7095238 -349.8462870
-146.7311809 -340.9861915
-155.5067015 -324.7669506
-135.7432519 -350.7705437
-114.4387727 -351.7758810
-122.9679902 -354.3135173
-114.7027186 -353.5583848
-110.4482479 -363.4356393
-103.1092755 -365.7688721
-130.2506040 -345.0019083
-150.0400703 -328.8937353
-154.1389805 -325.9909887
-150.7330156 -341.8250041
-168.7918435 -295.3807190
-142.4404106 -337.9801756
-159.9409851 -312.1714853
-140.6454019 -347.0145943
-245.8672257 -264.7096389
-139.4120305 -340.1600671
-143.7145452 -337.3563193
-141.7736927 -332.7993433
-137.1061408 -346.8843083
-126.6419299 -350.3751057
-136.9882888 -346.6691044
-129.9443941 -352.7865720
-138.2143793 -348.3688256
-135.0704907 -348.1735205
-140.6981595 -347.2405677
-132.6110682 -348.6552072
-130.3555662 -351.2969795
-137.6947164 -342.9669405
-121.4342546 -358.9325416
-130.4410027 -348.4262629
-121.7057186 -356.3491040
-141.4581742 -349.2484570
-136.7772848 -352.0767147
-140.6259684 -348.4383321
-144.4159564 -346.8135640
-119.6065802 -359.1538730
-131.2436237 -354.2226885
-126.5468162 -358.6736408
-147.0370485 -345.5649541
-146.2957432 -338.7478725
-81.5860701 -333.1437811
-85.1155223 -318.8493992
-153.4439286 -331.3475368
-148.3027039 -329.2643540
-151.0826877 -314.0993152
-139.1163404 -339.6820012
-167.9146219 -313.3230151
-163.8083517 -299.9275754
-164.5452463 -299.8033550
-139.1422782 -260.0741819
-118.1817436 -313.1008172
-11.7745167 -222.4421640
-118.6319539 -322.7668908
39.9552500 -140.6092245
-114.9990142 -320.8539772
64.9875556 -178.1318300
-123.7164185 -247.0022908
7.1094960 -233.9084276
-154.2240615 -331.5988866
-29.2252828 -243.1100982
-37.2519801 -267.3640685
20.0951117 -248.6907784
-11.4059624 -313.0988985
45.1530670 -237.9407627
62.8422890 -187.2035396
60.8134853 -213.9746904
58.5159892 -197.4394827
59.4513337 -228.1910864
50.5303085 -238.3460882
49.0783755 -259.2609158
44.9691001 -263.7186610
47.9116718 -267.6506666
35.7622761 -308.2930175
34.5860433 -318.0165902
39.0688350 -272.3902906
48.5521887 -247.2670406
55.2752292 -216.5808430
34.9529271 -261.4966509
44.9380604 -252.2715071
34.1537754 -273.3264617
56.4694966 -154.6512199
30.1383202 -313.1066043
40.9379045 -281.1819318
25.6294591 -328.5726314
20.7592835 -335.7448274
22.7203661 -335.4070432
-5.0966072 -365.8459606
14.7400193 -301.6372925
-1.8038927 -310.9856045
-13.2349658 -330.8928048
-14.0108616 -352.9990217
20.0328398 -198.5047484
-1.9358689 -346.6327729
-4.8870963 -292.4953955
-7.2619147 -367.9845072
-6.9227041 -333.2372403
-15.2377717 -347.7159413
-23.1242802 -357.1991503
-13.0900923 -345.8059057
4.6619780 -307.1215579
3.1470726 -347.0689678
17.6033609 -243.8093872
14.1322587 -323.7397958
29.7669796 -328.5541562
26.8498452 -356.4525282
25.1860360 -365.8441966
19.0756194 -371.5310397
13.2084175 -373.8202353
3.2438106 -365.1776338
4.7897270 -358.5799649
-8.2292328 -357.0873086
-2.9837477 -296.6971643
-18.1305269 -292.0310700
-9.8101870 -188.5731050
-28.8728787 -342.4467560
-36.7476725 -340.3956650
-32.8803519 -372.9008682
-40.7694607 -362.3575461
-34.0140705 -371.0000857
-43.3416102 -370.6208329
-25.2420423 -352.2834392
-42.8222271 -371.1950505
-46.8979843 -368.9416913
-43.1722317 -365.7137869
-59.0582258 -372.0857299
-66.4450185 -374.0945167
-73.2811151 -370.3436735
-86.2776901 -369.9986168
-95.4559366 -365.4966023
-101.5867313 -364.5046960
-106.1631128 -360.3424153
-105.7506043 -363.4801408
-113.2428331 -360.6751242
-105.2754832 -352.1456641
-113.6901600 -359.7299784
-114.3515192 -360.6031419
-108.3829669 -355.9972700
-114.7499990 -355.9575034
-117.4189377 -352.2152015
-109.4294617 -338.7593228
-105.8966719 -309.1859561
-88.4188950 -307.8233382
-114.4048561 -354.3262674
-98.4662262 -299.1658822
-40.0012335 -257.5239502
-43.9704222 -236.4934280
-80.3084136 -342.1684206
-50.6634302 -279.1995426
-56.7335083 -262.7183990
-19.9900228 -262.2581893
-29.8491903 -291.3628051
-83.9441775 -259.6439597
-26.8766108 -340.3739713
-38.0108690 -315.2274493
-43.1406521 -322.0874232
20.9001059 -319.1695436
26.6484527 -308.8545469
60.6950210 -302.0672671
63.4857616 -287.7345731
49.3494707 -296.2221002
57.7590094 -299.7869532
62.3027120 -278.2202007
70.2241310 -255.2602238
68.1644194 -253.7263619
4.0772976 -312.7089381
15.2949861 -319.9685587
39.8799450 -294.1560310
4.7469586 -328.9469638
-3.3494724 -354.7372407
-26.2489887 -358.5955002
-11.4122148 -356.2313515
-67.4756742 -363.7418268
-50.2606714 -364.1794143
-69.6920391 -364.2999830
-68.9539464 -365.6743607
-80.3332059 -366.5831130
-72.3037173 -366.5615431
-71.9714380 -364.2280008
-70.5108416 -368.9323144
-70.6240328 -370.0000094
-67.6230518 -369.0598770
-70.1885556 -368.7544323
-72.6420400 -367.9036433
-76.6785022 -364.2225232
-78.1979061 -365.5811799
-77.9497401 -365.9287123
-80.0035137 -368.4136772
-84.5000413 -365.8098766
-81.5187242 -366.4925937
-81.9393432 -363.4338134
-78.6961276 -363.8729174
-79.0602366 -364.9608516
-81.5590791 -366.8343081
-79.9609601 -366.6063231
-77.3092627 -364.1377599
-73.8899406 -357.9417803
-78.3590097 -366.4537554
-76.8345959 -367.7604215
-76.7070139 -365.2478211
-74.8471083 -362.2614254
-75.8382978 -366.4030955
-78.4855647 -366.4566954
-77.4821633 -367.6913174
-76.0010669 -368.7542466
-73.1339416 -370.9673131
-73.4312313 -355.6438577
-70.4597298 -370.5714109
-69.6402624 -369.1470232
-66.9697306 -370.4608999
-69.2081295 -360.1301203
-67.1225591 -369.0458272
-66.7519065 -363.0810201
-67.6219853 -366.8621911
-67.9246732 -369.2787637
-64.1470879 -362.6364386
-62.2823370 -371.7681540
-63.1524356 -374.3152601
-61.3155250 -373.2582726
-56.8788583 -372.8815574
-57.6942968 -370.0995962
-52.1986535 -371.4253874
-53.4384370 -374.1194288
-48.7644402 -373.0514553
-50.7964828 -372.8739136
-50.1886053 -377.0816860
-48.1977471 -373.9420728
-44.1334052 -376.0131554
-52.3508237 -374.9060342
-44.2688212 -373.7722059
-63.8355061 -369.4178695
-49.2132714 -374.0221940
-68.2870113 -372.5691496
-69.1788870 -371.9221452
-73.3773480 -373.3841951
-103.9743577 -364.5934513
-60.3432818 -368.4921892
-81.5845165 -370.9960008
-57.2545142 -372.9091001
-68.9614118 -371.1578524
-74.1969866 -367.8493935
-56.4626040 -378.1300084
-72.0248539 -367.4656534
-57.0354260 -373.7796331
-80.0350933 -354.6093067
-66.0479541 -362.1984797
-53.2395461 -361.6574370
-52.9138072 -366.6683714
-56.1000355 -363.7350494
-55.2350718 -369.8906744
-52.0137551 -361.1219029
-52.3862247 -366.5043225
-54.0604848 -330.0201364
-63.9921397 -363.8199674
-36.6670055 -323.3997835
-49.7230924 -361.4178161
-45.8014540 -367.4345519
-53.9259279 -369.4747187
-59.4993777 -373.6448908
-57.3924317 -366.8346794
-52.9059633 -371.0687566
-57.8772104 -358.4528665
-54.1054841 -364.4048307
-59.5943466 -357.6739049
-59.7663058 -342.2782817
-33.8361404 -369.2650542
-48.6909127 -373.0374054
-36.5532910 -372.8112773
-51.1317805 -370.3171211
-30.8654157 -368.1496702
-36.4114432 -370.2055580
-33.9779552 -372.5933191
-36.4156696 -372.7658783
-15.9311498 -371.8526697
5.4201490 -367.2545344
1.7390040 -372.4772067
15.0795747 -366.0259780
12.0566947 -369.5286589
24.5449233 -365.9188093
10.3852646 -371.8322757
16.4799680 -365.1876296
15.6676582 -368.5470579
22.7615767 -367.4021197
13.7298974 -364.3987342
16.6242926 -364.1055134
20.3503168 -360.8297343
33.7159217 -357.8247705
12.5962956 -364.8758717
27.2209307 -358.4129761
23.8057247 -343.9028022
24.0089391 -349.0556276
9.1116617 -354.4934420
-4.4741920 -364.6733869
-3.1417312 -375.3766110
-13.0062128 -366.5163917
-15.8217555 -373.3137293
-10.5260804 -366.0844365
-27.1107382 -371.9538656
-18.2965053 -374.3545315
-30.4275356 -364.0108162
-29.8655989 -378.0822575
-41.7202888 -372.8686217
-33.1869568 -376.3619257
-38.1291424 -373.2571586
-41.3465848 -365.7378325
-41.3219045 -362.0964172
-43.9853759 -360.3799847
-63.2216511 -312.3449729
-55.0027877 -315.9400919
-64.4631463 -274.8826208
-44.8095930 -342.9347868
-37.4907651 -347.8863652
0.5015683 -322.4310563
-5.7624948 -367.9177859
-1.5886517 -368.3827923
-3.8780187 -370.6314476
5.1517002 -358.9168516
-3.1326413 -372.2395664
-7.6532262 -366.3823921
6.1872361 -372.5368412
0.1208798 -362.9933788
9.0321929 -358.4037230
10.7461725 -368.7220619
12.0819692 -368.2268824
14.6367128 -367.4704811
4.5379016 -371.3356417
13.0908963 -370.2290156
4.2716532 -365.3583011
27.0236938 -365.5141182
21.0426350 -361.2330637
30.6967876 -362.5021605
31.2424573 -360.4863178
34.9551851 -360.9552235
34.5033816 -362.0295412
35.7041170 -358.1299677
36.6184644 -353.2538685
34.1666291 -358.5604994
31.7803621 -362.2062473
31.7217324 -359.6432036
33.7529521 -362.7195926
29.6363562 -361.2669814
30.4440956 -360.7753608
27.2527143 -363.9423929
31.8211219 -359.6825060
29.3470123 -362.9414191
28.0072765 -366.6288523
27.6556426 -363.9290548
21.7557215 -368.4232707
18.0098194 -369.3028712
18.1783340 -369.6266055
11.1412817 -365.4155217
5.1499132 -368.0856104
0.6008355 -372.6347259
18.6130014 -371.1055524
12.2728715 -370.0893218
18.7501126 -370.8509841
5.8332022 -367.8159710
17.6570549 -373.8614564
24.6695692 -368.1523007
25.1599435 -362.1603532
25.8404417 -367.6223060
15.9680979 -365.3897431
23.2710472 -366.1718921
11.9389513 -371.1979595
11.1952061 -373.4947680
18.7508663 -366.7928394
17.4748605 -369.6168573
24.1120465 -366.4108322
25.2438214 -364.8678255
32.5179578 -364.1882032
33.4372031 -361.0419364
35.1715380 -361.8816155
38.5545605 -357.4220600
37.0094426 -355.3952622
43.2205094 -353.6743115
41.9854724 -357.8148985
37.7453761 -357.9869936
41.9044203 -355.1848241
36.7604998 -360.5166147
47.5431291 -347.6183661
42.4888057 -357.4912570
45.9901213 -346.7824625
40.7676273 -354.4353858
43.8976517 -353.2892097
47.3632109 -355.4328007
47.0694267 -350.7615073
45.7638410 -351.1145791
50.6126640 -340.1870836
48.7025024 -346.1090295
112.5503223 -2465.2855126
48.0852637 -347.0320174
49.9947933 -346.5710340
49.0972758 -348.7731144
49.7715775 -360.0193308
48.9051820 -348.4191451
50.8584667 -350.1721876
48.2196362 -349.7530444
33.0771988 -354.9516401
46.6828362 -350.7629618
48.0266075 -352.0348127
48.8946686 -347.8120001
40.2329482 -344.4811358
47.1523155 -350.5348221
50.3900144 -339.6850958
47.7150126 -341.1770713
50.3037484 -338.8716906
46.0038703 -352.7429680
48.8020927 -348.4543935
52.5754318 -343.0083783
50.6323773 -343.2743968
51.0998554 -343.6651309
52.4473067 -332.4821697
50.8383781 -344.8126068
48.3337325 -342.7140434
51.2836412 -343.0996713
46.6010731 -344.8486288
52.9500410 -336.9128519
50.3909492 -346.3039633
57.1915790 -335.5793240
53.4131840 -336.5567782
62.7355164 -328.8892789
59.1494555 -330.9081853
63.6275040 -324.2746800
65.8704585 -323.1073983
70.5627829 -309.4209041
68.4171607 -313.4561482
71.5550916 -306.8170416
68.1196603 -303.5997209
72.1392498 -302.9317346
69.5269265 -308.9215158
72.3389242 -301.7743558
70.0658188 -307.9772365
71.9262248 -310.8524714
67.4716782 -313.8540929
70.1764557 -312.6583710
68.4631376 -317.5518933
68.0764747 -317.0167305
66.7400633 -317.5283737
70.0142923 -313.4729214
67.6379363 -320.2305232
73.4011396 -309.7696743
68.9008070 -316.0556781
67.7370197 -313.2631950
70.8350565 -316.7753456
69.3901083 -310.2220235
69.8939123 -313.9733309
73.7234059 -300.2794094
75.0175994 -300.7443849
76.2145659 -283.2592657
76.9553840 -281.3098039
74.3952455 -275.9200809
77.1391864 -273.7513921
72.6431591 -298.2214173
73.2214781 -294.2795396
68.7482880 -310.6342965
58.3155117 -328.8768074
61.1601423 -327.8182726
51.7481239 -341.2778959
61.7766239 -328.8283138
56.5242554 -337.2798498
61.2090421 -322.7527172
62.2924422 -321.3648157
69.7860930 -312.9110825
71.9692853 -311.8676188
72.0578817 -310.9746493
62.1549921 -325.2668959
64.1356069 -324.7826096
49.2399695 -344.6265856
59.3190382 -332.0228266
47.3502387 -347.8808567
53.5062010 -340.6984483
52.2614274 -345.3604887
58.4602297 -319.7349724
65.3765622 -318.6391158
69.6258519 -311.9824932
63.9149585 -314.9631328
73.1939407 -306.7842070
72.7932095 -299.1967362
74.4019275 -288.9897747
73.2766649 -285.6618193
74.1584223 -283.4185797
76.2055272 -274.4346042
77.6784408 -276.7896236
76.7365658 -269.6418137
75.9482171 -279.6908538
76.5249232 -278.5579229
76.3392513 -274.6337777
76.9920721 -271.9148860
76.8295927 -274.8845086
75.4591792 -267.2157405
73.9651863 -271.8128854
74.9097011 -261.9464933
73.9922234 -263.4369524
76.3127277 -262.6438482
76.1996418 -257.2069932
76.0195985 -244.8665139
75.0812521 -251.9845840
75.6374516 -256.3226733
75.7401163 -259.0008391
73.2338413 -259.3244496
74.1867695 -251.3949549
72.8716152 -235.1250385
76.8140366 -246.2452551
73.9751269 -225.5810500
68.0348953 -229.3714277
73.3795271 -224.0925561
72.6835535 -219.6220299
74.1926548 -235.5830045
75.6135086 -235.7600666
74.2814619 -235.4090991
74.6827921 -237.5279326
75.1932320 -238.7812155
75.6483797 -231.1245322
75.1220612 -228.7860229
74.9184831 -227.8003678
72.0787636 -226.4208529
73.2442954 -218.6044223
71.1081662 -209.4734496
72.2141071 -184.1906999
70.1771864 -200.5561954
69.3909641 -180.3690814
73.4615930 -199.0140242
73.9389984 -186.8782579
74.4569431 -194.7492323
75.5096458 -183.8914599
74.8485829 -183.4379503
75.3442962 -186.0214343
74.0786605 -168.6919000
73.8681371 -161.5404539
73.8218771 -153.8380467
73.3342809 -146.4793499
73.8673932 -138.9099829
71.8137117 -135.6948905
72.4484156 -138.3184351
73.6323013 -137.0037538
73.4560367 -140.4466610
72.4165464 -140.3970379
73.1052785 -143.1582647
73.5846260 -156.3864680
74.3175640 -153.1945547
74.8120857 -162.7209654
73.6456718 -139.9900412
74.1876055 -170.4249819
74.0507939 -178.3389878
74.7124954 -179.9909271
73.9102628 -172.0776485
74.4897075 -165.9845515
74.6131290 -169.0450493
73.7010890 -171.4438429
73.2705228 -151.9421693
74.9371859 -160.6953900
72.9870709 -147.2158215
74.1873356 -170.9187378
74.5558816 -167.5953471
76.2415043 -165.1836332
74.2973405 -181.5190020
75.0484482 -184.4867678
75.8493246 -193.8177650
76.5715650 -191.4509549
74.4843949 -189.1798787
76.0643970 -200.7640959
74.2067165 -203.2625072
75.0266381 -211.1934100
75.2389785 -212.1934089
78.6703281 -208.0358631
77.4086490 -211.8585647
75.6792219 -223.3416014
74.6982889 -220.8117017
75.9331351 -220.9951233
76.4901048 -220.7187066
76.4826526 -227.4711404
75.7730388 -230.5302301
75.6929939 -225.2120560
76.7636951 -230.2164297
77.0925643 -233.1278413
76.4040232 -229.8942582
75.5043990 -223.2817967
74.4370487 -220.8208620
75.6489788 -220.0884444
75.6294597 -199.6208442
75.9441816 -207.4943717
74.8440668 -205.0587669
74.5061655 -201.1837807
73.5655545 -200.3602248
74.5889950 -198.2093150
78.8930963 -221.0781845
75.9173749 -201.4886065
73.4489203 -200.1603396
74.0935253 -198.2678508
74.3607431 -206.0501936
76.0564116 -191.2464431
71.4479898 -197.1134738
74.8633687 -185.4302114
76.1281551 -199.1673036
74.2440760 -193.0548184
74.5835178 -197.4785685
75.1970831 -198.9604244
77.7504015 -204.7656854
75.3025522 -199.8366981
74.0613007 -194.2971152
75.9075331 -200.2761579
76.3817259 -201.9954684
75.9562420 -199.4200151
78.1117916 -201.4467355
75.3993710 -198.5481049
76.9910385 -197.9955810
76.5859624 -203.8986802
76.9593537 -203.0498873
76.0552662 -198.6355915
75.3895884 -198.7626280
75.9037214 -197.3137150
76.7861042 -195.0923238
77.5215439 -202.7153990
